GOE.FR,08-11-2021,09,15.410638297872344,47
PARP.FR,08-11-2021,09,20.900000000000002,6
SK.FR,08-11-2021,09,134.028695652174,115
SCHP.FR,08-11-2021,09,67.6285714285714,70
GDS.FR,08-11-2021,09,22.600000000000005,3
GNE.FR,08-11-2021,09,91.14764705882352,17
HOP.FR,08-11-2021,09,9.0,10
LAT.FR,08-11-2021,09,0.5060277777777779,36
FORSE.FR,08-11-2021,09,7.0350588235294,170
PUB.FR,08-11-2021,09,58.095687499999976,320
FLY.FR,08-11-2021,09,78.0,2
STLA.FR,08-11-2021,09,17.641805194805194,462
RXL.FR,08-11-2021,09,17.68230496453899,282
GID.FR,08-11-2021,09,1.234375,8
FNAC.FR,08-11-2021,09,57.67871287128708,101
GNRO.FR,08-11-2021,09,3.86,4
VIE.FR,08-11-2021,09,29.65466918714557,529
ALMDG.FR,08-11-2021,09,38.302325581395344,43
NEOEN.FR,08-11-2021,09,37.47301075268816,186
TBGBS.FR,08-11-2021,09,0.024000000000000004,17
SDG.FR,08-11-2021,09,40.40624999999999,8
RIN.FR,08-11-2021,09,58.41904761904766,105
SWP.FR,08-11-2021,09,42.0,17
STM.FR,08-11-2021,09,44.322335744424514,1659
LSS.FR,08-11-2021,09,37.053333333333335,30
FPN.FR,08-11-2021,09,0.037,4
MCPHY.FR,08-11-2021,09,23.10752851711028,263
GET.FR,08-11-2021,09,13.855321888412025,233
MAU.FR,08-11-2021,09,2.530810810810812,37
MKEA.FR,08-11-2021,09,0.9310810810810808,37
ORAP.FR,08-11-2021,09,5.991111111111112,9
FR.FR,08-11-2021,09,26.357106598984828,197
NK.FR,08-11-2021,09,37.47894039735107,302
UBI.FR,08-11-2021,09,46.94027027027039,407
PVL.FR,08-11-2021,09,6.214444444444444,18
LACR.FR,08-11-2021,09,37.642857142857146,21
VETO.FR,08-11-2021,09,151.9612903225805,93
UFF.FR,08-11-2021,09,18.185714285714287,7
WAVE.FR,08-11-2021,09,48.25250000000001,40
TEP.FR,08-11-2021,09,348.66655665566486,909
KORI.FR,08-11-2021,09,29.79375,128
LOCAL.FR,08-11-2021,09,1.3259753086419732,81
BN.FR,08-11-2021,09,57.04448608137036,934
BNBA.FR,08-11-2021,09,41.55,1
GENX.FR,08-11-2021,09,9.004444444444443,9
THEP.FR,08-11-2021,09,101.21600000000001,25
EOS.FR,08-11-2021,09,2.35,9
VTR.FR,08-11-2021,09,35.6,1
GLO.FR,08-11-2021,09,19.810746268656708,67
LUCBS.FR,08-11-2021,09,0.0325,1
FGA.FR,08-11-2021,09,5.628823529411764,17
SAVE.FR,08-11-2021,09,63.93333333333334,12
MTU.FR,08-11-2021,09,29.60000000000001,27
JCQ.FR,08-11-2021,09,22.98942307692308,52
HEXA.FR,08-11-2021,09,42.61875000000001,16
GEA.FR,08-11-2021,09,103.0,1
SX.FR,08-11-2021,09,5.06,4
GBT.FR,08-11-2021,09,37.65740740740741,27
HO.FR,08-11-2021,09,84.01572222222212,360
VAC.FR,08-11-2021,09,9.211666666666664,30
FII.FR,08-11-2021,09,25.001724137931028,29
OVH.FR,08-11-2021,09,20.974589285714277,280
GPE.FR,08-11-2021,09,30.0,5
SCR.FR,08-11-2021,09,28.64976190476196,210
XFAB.FR,08-11-2021,09,9.742198952879564,191
BVI.FR,08-11-2021,09,29.360051948051876,385
S30.FR,08-11-2021,09,7.329004149377597,482
LPE.FR,08-11-2021,09,94.0,3
GAM.FR,08-11-2021,09,103.0,1
2CRSI.FR,08-11-2021,09,5.128800000000001,50
FTI.FR,08-11-2021,09,6.476220338983051,118
DBG.FR,08-11-2021,09,10.360431654676287,139
WAGA.FR,08-11-2021,09,29.560135135135145,148
EL.FR,08-11-2021,09,187.69999999999982,540
PAR.FR,08-11-2021,09,55.5,3
ODET.FR,08-11-2021,09,1316.9444444444443,18
MF.FR,08-11-2021,09,116.48673469387745,98
HDF.FR,08-11-2021,09,30.394999999999982,40
BUR.FR,08-11-2021,09,668.0,3
GLE.FR,08-11-2021,09,29.931795063575105,1337
GFC.FR,08-11-2021,09,124.60351562499996,128
FPG.FR,08-11-2021,09,0.554,2
FGR.FR,08-11-2021,09,93.5334964028776,695
GNFT.FR,08-11-2021,09,3.1152098765432097,81
MEDCL.FR,08-11-2021,09,9.346231884057971,69
KOF.FR,08-11-2021,09,35.19127906976743,86
LTA.FR,08-11-2021,09,24.473461538461535,13
HOLN.FR,08-11-2021,09,44.67746478873238,71
MC.FR,08-11-2021,09,714.2130102887522,3013
FLO.FR,08-11-2021,09,16.0,1
RI.FR,08-11-2021,09,204.83047808764883,502
SU.FR,08-11-2021,09,153.71423831070882,663
SLB.FR,08-11-2021,09,28.74,20
LYS.FR,08-11-2021,09,1.9863749999999993,32
ML.FR,08-11-2021,09,136.70474452554728,411
KER.FR,08-11-2021,09,658.960784313726,867
SW.FR,08-11-2021,09,85.87294915254242,295
NHOA.FR,08-11-2021,09,19.900000000000002,9
FDJ.FR,08-11-2021,09,45.31059405940586,505
SAF.FR,08-11-2021,09,119.79127606338626,1199
RMS.FR,08-11-2021,09,1465.2975734355045,783
RE.FR,08-11-2021,09,136.0,6
ORP.FR,08-11-2021,09,94.37651515151518,264
OLG.FR,08-11-2021,09,2.2247058823529415,17
LOUP.FR,08-11-2021,09,97.20000000000003,11
LR.FR,08-11-2021,09,95.10101973684215,608
ALECO.FR,08-11-2021,09,16.108666666666664,60
JBOG.FR,08-11-2021,09,12.05,5
OSE.FR,08-11-2021,09,8.724090909090911,66
OREGE.FR,08-11-2021,09,1.17,2
PUB.FR,08-11-2021,09,57.993882352941036,255
RI.FR,08-11-2021,09,205.03888888888903,306
KER.FR,08-11-2021,09,659.3859649122784,855
MCPHY.FR,08-11-2021,09,22.92164383561643,73
WAGA.FR,08-11-2021,09,28.265656565656595,99
MKEA.FR,08-11-2021,09,0.9226470588235294,17
JCQ.FR,08-11-2021,09,22.9375,4
OSE.FR,08-11-2021,09,8.825,18
NK.FR,08-11-2021,09,37.757741935483885,62
BNBA.FR,08-11-2021,09,40.86,1
SK.FR,08-11-2021,09,133.81923076923076,26
NEOEN.FR,08-11-2021,09,37.21269841269837,126
ORP.FR,08-11-2021,09,94.41696969696963,99
LAT.FR,08-11-2021,09,0.5108,5
FORSE.FR,08-11-2021,09,7.023278688524586,61
UBI.FR,08-11-2021,09,46.84007692307697,130
ALECO.FR,08-11-2021,09,15.93,16
GET.FR,08-11-2021,09,13.8816883116883,77
HEXA.FR,08-11-2021,09,42.38181818181818,22
KOF.FR,08-11-2021,09,34.96842105263158,19
GBT.FR,08-11-2021,09,37.975,6
LPE.FR,08-11-2021,09,93.6,1
BUR.FR,08-11-2021,09,664.0,4
OVH.FR,08-11-2021,09,20.961538461538467,52
OLG.FR,08-11-2021,09,2.2,3
VAC.FR,08-11-2021,09,9.322857142857142,7
MC.FR,08-11-2021,09,710.1826923076951,1664
VIE.FR,08-11-2021,09,29.6984234234234,222
SCHP.FR,08-11-2021,09,68.97692307692309,13
FII.FR,08-11-2021,09,25.0,1
RMS.FR,08-11-2021,09,1462.310276679842,506
UFF.FR,08-11-2021,09,18.025000000000002,6
GNRO.FR,08-11-2021,09,3.86,2
FDJ.FR,08-11-2021,09,45.18396226415089,106
SAF.FR,08-11-2021,09,119.85197875166021,753
XFAB.FR,08-11-2021,09,9.6936,25
LR.FR,08-11-2021,09,95.31583333333333,264
SDG.FR,08-11-2021,09,40.3,1
GENX.FR,08-11-2021,09,9.0,1
STM.FR,08-11-2021,09,44.50828892589506,1201
RE.FR,08-11-2021,09,135.125,4
WAVE.FR,08-11-2021,09,48.48,10
TEP.FR,08-11-2021,09,347.13057851239665,605
GLE.FR,08-11-2021,09,29.936810344827578,1044
GID.FR,08-11-2021,09,1.235,3
ODET.FR,08-11-2021,09,1325.0,2
LYS.FR,08-11-2021,09,1.9775,4
FPN.FR,08-11-2021,09,0.03742222222222222,9
FLO.FR,08-11-2021,09,16.0,1
FR.FR,08-11-2021,09,26.303908045976996,87
EL.FR,08-11-2021,09,187.16829383886235,422
MTU.FR,08-11-2021,09,29.48,5
TBGBS.FR,08-11-2021,09,0.024,2
SLB.FR,08-11-2021,09,29.0,1
MEDCL.FR,08-11-2021,09,9.306666666666668,21
RNL.FR,08-11-2021,09,432.578,5
LACR.FR,08-11-2021,09,37.0,1
BVI.FR,08-11-2021,09,29.39721311475412,244
FTI.FR,08-11-2021,09,6.497264367816093,87
PVL.FR,08-11-2021,09,6.13,4
SCR.FR,08-11-2021,09,28.463070175438588,114
FGR.FR,08-11-2021,09,93.72243346007615,263
SWP.FR,08-11-2021,09,41.86428571428571,21
ML.FR,08-11-2021,09,136.6858333333335,180
RXL.FR,08-11-2021,09,17.792615384615377,65
LOCAL.FR,08-11-2021,09,1.3151769230769228,26
SAVE.FR,08-11-2021,09,63.78571428571428,14
MAU.FR,08-11-2021,09,2.56525,20
GNE.FR,08-11-2021,09,93.64500000000001,2
FNAC.FR,08-11-2021,09,57.35,1
ALMDG.FR,08-11-2021,09,38.88382352941177,34
RIN.FR,08-11-2021,09,57.94285714285714,21
VETO.FR,08-11-2021,09,151.66,30
DBG.FR,08-11-2021,09,10.435416666666667,24
S30.FR,08-11-2021,09,7.379402515723262,159
HDF.FR,08-11-2021,09,30.216666666666665,6
SX.FR,08-11-2021,09,5.035,4
SU.FR,08-11-2021,09,154.1526930320151,531
BN.FR,08-11-2021,09,56.84139999999983,650
STLA.FR,08-11-2021,09,17.583141242937852,177
GNFT.FR,08-11-2021,09,3.1420000000000003,14
MF.FR,08-11-2021,09,116.76428571428572,14
SW.FR,08-11-2021,09,85.42359281437132,167
2CRSI.FR,08-11-2021,09,5.109000000000001,20
LSS.FR,08-11-2021,09,36.61363636363636,22
HOLN.FR,08-11-2021,09,44.881,5
FGA.FR,08-11-2021,09,5.583333333333333,3
HO.FR,08-11-2021,09,83.66323353293416,167
KORI.FR,08-11-2021,09,29.632537313432795,67
GLO.FR,08-11-2021,09,19.62333333333333,12
GOE.FR,08-11-2021,09,15.794827586206894,58
GFC.FR,08-11-2021,09,123.92368421052629,57
SK.FR,08-11-2021,10,133.59545454545466,88
PUB.FR,08-11-2021,10,57.82276162790686,688
MCPHY.FR,08-11-2021,10,22.710566037735834,106
GET.FR,08-11-2021,10,13.880916666666677,120
GNFT.FR,08-11-2021,10,3.1470000000000007,24
HDF.FR,08-11-2021,10,30.174999999999997,12
LUCBS.FR,08-11-2021,10,0.0455,2
LSS.FR,08-11-2021,10,36.61818181818182,22
MEDCL.FR,08-11-2021,10,9.29318181818182,44
OSE.FR,08-11-2021,10,8.79241379310345,58
GPE.FR,08-11-2021,10,30.0,4
LOCAL.FR,08-11-2021,10,1.3134000000000001,18
OVH.FR,08-11-2021,10,20.9784375,64
LAT.FR,08-11-2021,10,0.5162631578947368,38
SLB.FR,08-11-2021,10,29.166666666666668,18
KOF.FR,08-11-2021,10,34.950000000000024,50
VETO.FR,08-11-2021,10,151.73333333333332,18
HEXA.FR,08-11-2021,10,42.4,2
ML.FR,08-11-2021,10,136.37697368421078,456
GBT.FR,08-11-2021,10,37.86333333333334,15
KORI.FR,08-11-2021,10,29.492,40
SDG.FR,08-11-2021,10,40.175,4
JBOG.FR,08-11-2021,10,12.05,2
FR.FR,08-11-2021,10,26.309534883720946,172
ALECO.FR,08-11-2021,10,15.908000000000001,10
SAVE.FR,08-11-2021,10,63.6,6
NK.FR,08-11-2021,10,37.70140127388536,157
GOE.FR,08-11-2021,10,15.925833333333335,48
ORAPB.FR,08-11-2021,10,1.0,6
SCHP.FR,08-11-2021,10,68.49999999999999,6
OLG.FR,08-11-2021,10,2.2,4
PVL.FR,08-11-2021,10,6.112,10
OREGE.FR,08-11-2021,10,1.1629999999999998,4
PAR.FR,08-11-2021,10,55.5,2
ODET.FR,08-11-2021,10,1330.0,2
GLO.FR,08-11-2021,10,19.639999999999997,12
FII.FR,08-11-2021,10,24.975,4
JCQ.FR,08-11-2021,10,22.916666666666668,6
NHOA.FR,08-11-2021,10,19.913333333333334,6
LYS.FR,08-11-2021,10,1.9785,8
ORP.FR,08-11-2021,10,93.97097560975597,328
THEP.FR,08-11-2021,10,101.0,2
TBGBS.FR,08-11-2021,10,0.0208,4
STM.FR,08-11-2021,10,44.60123224728496,1197
TEP.FR,08-11-2021,10,347.20712166172115,1348
GNE.FR,08-11-2021,10,93.86000000000001,6
HO.FR,08-11-2021,10,83.42907216494844,194
UBI.FR,08-11-2021,10,46.88178378378377,370
KER.FR,08-11-2021,10,658.1038277511946,1045
SCR.FR,08-11-2021,10,28.507486338797833,183
LR.FR,08-11-2021,10,95.45505154639191,388
SU.FR,08-11-2021,10,154.2702161100193,1018
MC.FR,08-11-2021,10,706.4773850484814,3197
GLE.FR,08-11-2021,10,30.015414522584177,1749
SAF.FR,08-11-2021,10,119.75590568059997,1866
RIN.FR,08-11-2021,10,57.9058823529412,34
DBG.FR,08-11-2021,10,10.48829787234043,94
FNAC.FR,08-11-2021,10,57.58421052631577,38
VAC.FR,08-11-2021,10,9.319999999999999,10
WAVE.FR,08-11-2021,10,48.43333333333333,12
SWP.FR,08-11-2021,10,41.73666666666667,30
ALMDG.FR,08-11-2021,10,38.76,80
GFC.FR,08-11-2021,10,123.4737373737374,99
VIE.FR,08-11-2021,10,29.747287234042528,752
FGA.FR,08-11-2021,10,5.690384615384612,52
2CRSI.FR,08-11-2021,10,5.086363636363638,55
FGR.FR,08-11-2021,10,93.38248979591832,490
WAGA.FR,08-11-2021,10,28.62242990654204,214
BVI.FR,08-11-2021,10,29.33913043478264,230
BN.FR,08-11-2021,10,56.74013443640127,967
RI.FR,08-11-2021,10,204.89281437125732,501
EL.FR,08-11-2021,10,186.05061310782278,1892
SW.FR,08-11-2021,10,85.1227777777778,216
RMS.FR,08-11-2021,10,1460.1264,625
NEOEN.FR,08-11-2021,10,37.33074626865676,134
S30.FR,08-11-2021,10,7.415470852017946,446
FTI.FR,08-11-2021,10,6.508527472527469,182
STLA.FR,08-11-2021,10,17.58569620253165,316
MAU.FR,08-11-2021,10,2.59507352941177,136
RXL.FR,08-11-2021,10,17.830836298932393,562
MKEA.FR,08-11-2021,10,0.92225,8
FDJ.FR,08-11-2021,10,45.22839694656486,131
HOLN.FR,08-11-2021,10,44.69891304347825,46
MF.FR,08-11-2021,10,116.72413793103445,29
MTU.FR,08-11-2021,10,29.409090909090903,22
FLO.FR,08-11-2021,10,16.0,2
XFAB.FR,08-11-2021,10,9.626146788990821,109
UFF.FR,08-11-2021,10,17.950000000000003,6
FORSE.FR,08-11-2021,10,6.997922705313952,414
BN.FR,08-11-2021,10,56.7982006920414,578
OSE.FR,08-11-2021,10,8.814000000000002,25
OVH.FR,08-11-2021,10,20.928829787234044,47
HO.FR,08-11-2021,10,83.38909090909087,165
RMS.FR,08-11-2021,10,1465.6075581395348,344
FTI.FR,08-11-2021,10,6.49438888888889,36
JBOG.FR,08-11-2021,10,12.181249999999999,8
GAM.FR,08-11-2021,10,103.0,1
VETO.FR,08-11-2021,10,151.66666666666666,3
JCQ.FR,08-11-2021,10,22.840909090909097,22
LYS.FR,08-11-2021,10,1.9879999999999998,6
EL.FR,08-11-2021,10,186.17574963609925,687
MEDCL.FR,08-11-2021,10,9.263,20
FII.FR,08-11-2021,10,24.939999999999998,5
SWP.FR,08-11-2021,10,41.75,1
FR.FR,08-11-2021,10,26.25022222222223,90
2CRSI.FR,08-11-2021,10,5.077142857142857,21
SCHP.FR,08-11-2021,10,69.01875,16
KER.FR,08-11-2021,10,659.2719424460433,556
PARP.FR,08-11-2021,10,20.500000000000004,12
LR.FR,08-11-2021,10,95.55429864253395,221
RE.FR,08-11-2021,10,135.0,2
NHOA.FR,08-11-2021,10,19.92,1
LACR.FR,08-11-2021,10,37.4,3
VIE.FR,08-11-2021,10,29.784796380090512,221
SAVE.FR,08-11-2021,10,63.75,4
MF.FR,08-11-2021,10,116.79999999999998,7
MC.FR,08-11-2021,10,708.9449764521231,1274
TBGBS.FR,08-11-2021,10,0.02245,4
LSS.FR,08-11-2021,10,36.5,4
PVL.FR,08-11-2021,10,6.12,1
SW.FR,08-11-2021,10,84.93589519650656,229
GNFT.FR,08-11-2021,10,3.15,1
VAC.FR,08-11-2021,10,9.222,5
TEP.FR,08-11-2021,10,348.40556328233515,719
SDG.FR,08-11-2021,10,40.2,2
GLE.FR,08-11-2021,10,30.151645408163194,784
WAGA.FR,08-11-2021,10,28.413684210526327,95
GNE.FR,08-11-2021,10,93.99333333333333,6
PAR.FR,08-11-2021,10,54.5,1
GET.FR,08-11-2021,10,13.844500000000004,60
GPE.FR,08-11-2021,10,29.6,1
FDJ.FR,08-11-2021,10,45.26529411764706,68
MTU.FR,08-11-2021,10,29.491666666666664,6
NK.FR,08-11-2021,10,37.6010714285714,56
SK.FR,08-11-2021,10,133.8466666666667,15
NEOEN.FR,08-11-2021,10,37.22421052631578,19
RI.FR,08-11-2021,10,205.36078431372553,357
HOLN.FR,08-11-2021,10,44.6625,6
ORP.FR,08-11-2021,10,93.73560975609752,82
STLA.FR,08-11-2021,10,17.58516201117319,179
XFAB.FR,08-11-2021,10,9.604074074074074,27
S30.FR,08-11-2021,10,7.413736842105252,95
ML.FR,08-11-2021,10,136.35555555555555,207
LOCAL.FR,08-11-2021,10,1.3145142857142857,14
FORSE.FR,08-11-2021,10,6.954444444444449,90
KORI.FR,08-11-2021,10,29.429142857142875,35
DBG.FR,08-11-2021,10,10.486500000000001,20
SAF.FR,08-11-2021,10,119.76438938053067,565
SLB.FR,08-11-2021,10,29.145833333333332,12
GFC.FR,08-11-2021,10,123.15816326530613,49
FGR.FR,08-11-2021,10,93.22929577464762,284
STM.FR,08-11-2021,10,44.58648148148146,621
MAU.FR,08-11-2021,10,2.6046666666666667,15
ALECO.FR,08-11-2021,10,15.895000000000001,8
SCR.FR,08-11-2021,10,28.51267857142857,112
FNAC.FR,08-11-2021,10,57.696000000000005,25
KOF.FR,08-11-2021,10,34.924074074074056,27
RIN.FR,08-11-2021,10,57.9375,8
GOE.FR,08-11-2021,10,15.995599999999998,50
GLO.FR,08-11-2021,10,19.682,10
ALMDG.FR,08-11-2021,10,38.740624999999994,16
MKEA.FR,08-11-2021,10,0.92,3
GBT.FR,08-11-2021,10,37.85,6
ODET.FR,08-11-2021,10,1330.0,3
FPN.FR,08-11-2021,10,0.0366,1
RXL.FR,08-11-2021,10,17.827105263157893,133
PUB.FR,08-11-2021,10,57.715217391304314,230
SU.FR,08-11-2021,10,154.57132841328445,542
UBI.FR,08-11-2021,10,46.74273684210519,190
MCPHY.FR,08-11-2021,10,22.598230088495534,113
BVI.FR,08-11-2021,10,29.387317073170774,82
HDF.FR,08-11-2021,10,30.272222222222222,9
RI.FR,08-11-2021,11,205.31052631579007,209
FR.FR,08-11-2021,11,26.213111111111125,90
PUB.FR,08-11-2021,11,57.61116883116892,154
MF.FR,08-11-2021,11,116.7727272727273,22
JCQ.FR,08-11-2021,11,22.825000000000003,4
KOF.FR,08-11-2021,11,34.9225,20
MEDCL.FR,08-11-2021,11,9.3,3
2CRSI.FR,08-11-2021,11,5.118571428571428,7
RIN.FR,08-11-2021,11,58.10869565217392,23
GNE.FR,08-11-2021,11,93.985,2
MTU.FR,08-11-2021,11,29.5,3
GOE.FR,08-11-2021,11,15.971739130434779,46
WAGA.FR,08-11-2021,11,28.257894736842097,19
PARP.FR,08-11-2021,11,20.55,2
LOCAL.FR,08-11-2021,11,1.3124,2
ORP.FR,08-11-2021,11,93.66370370370375,108
UFF.FR,08-11-2021,11,17.85,2
LAT.FR,08-11-2021,11,0.5209090909090909,11
UBI.FR,08-11-2021,11,46.949622641509414,106
MC.FR,08-11-2021,11,709.6140909090918,1100
SU.FR,08-11-2021,11,154.4022312373226,493
SWP.FR,08-11-2021,11,41.72575757575757,66
ORAP.FR,08-11-2021,11,6.0,3
LR.FR,08-11-2021,11,95.36801587301565,252
GLO.FR,08-11-2021,11,19.6325,8
LYS.FR,08-11-2021,11,1.9840000000000004,5
RXL.FR,08-11-2021,11,17.76871428571428,70
EL.FR,08-11-2021,11,185.6160939794421,681
FPN.FR,08-11-2021,11,0.0374,2
PAR.FR,08-11-2021,11,55.25,2
GLE.FR,08-11-2021,11,30.106980994152046,684
LOUP.FR,08-11-2021,11,97.2,1
VAC.FR,08-11-2021,11,9.22,3
GOO3.FR,08-11-2021,11,107.4324,1
GBT.FR,08-11-2021,11,38.0,2
NHOA.FR,08-11-2021,11,19.92,1
ODET.FR,08-11-2021,11,1330.0,2
OLG.FR,08-11-2021,11,2.2,1
ALMDG.FR,08-11-2021,11,38.5,1
GNFT.FR,08-11-2021,11,3.1564,5
FGA.FR,08-11-2021,11,5.72,2
ML.FR,08-11-2021,11,136.13846153846129,221
GET.FR,08-11-2021,11,13.888571428571424,28
S30.FR,08-11-2021,11,7.4600442477876285,113
FLO.FR,08-11-2021,11,16.0,2
KER.FR,08-11-2021,11,659.87176724138,464
FGR.FR,08-11-2021,11,93.20344537815114,238
FDJ.FR,08-11-2021,11,45.45019801980195,101
BVI.FR,08-11-2021,11,29.436185567010284,97
STM.FR,08-11-2021,11,44.589536231884054,690
BN.FR,08-11-2021,11,56.92157992565049,538
SAF.FR,08-11-2021,11,120.16529531568237,491
GFC.FR,08-11-2021,11,123.2068181818182,22
SCR.FR,08-11-2021,11,28.51258823529412,85
MAU.FR,08-11-2021,11,2.584722222222222,18
SLB.FR,08-11-2021,11,29.1875,4
FTI.FR,08-11-2021,11,6.462918918918918,37
SX.FR,08-11-2021,11,5.02,2
FNAC.FR,08-11-2021,11,57.738235294117665,17
VETO.FR,08-11-2021,11,150.2488888888888,45
MKEA.FR,08-11-2021,11,0.9205,10
SAVE.FR,08-11-2021,11,63.760000000000005,10
PVL.FR,08-11-2021,11,6.155555555555555,9
FII.FR,08-11-2021,11,25.071052631578947,19
SCHP.FR,08-11-2021,11,69.45,2
OSE.FR,08-11-2021,11,8.803076923076922,13
RE.FR,08-11-2021,11,134.91666666666666,6
THEP.FR,08-11-2021,11,101.06666666666666,3
NK.FR,08-11-2021,11,37.378630136986345,73
SK.FR,08-11-2021,11,134.03913043478258,23
TBGBS.FR,08-11-2021,11,0.021,2
ALECO.FR,08-11-2021,11,15.905000000000001,12
XFAB.FR,08-11-2021,11,9.547846153846148,65
FORSE.FR,08-11-2021,11,6.955999999999996,50
KORI.FR,08-11-2021,11,29.370000000000005,20
TEP.FR,08-11-2021,11,350.04559139784834,465
STLA.FR,08-11-2021,11,17.53732885906039,149
HEXA.FR,08-11-2021,11,42.4,1
OVH.FR,08-11-2021,11,20.96311111111111,45
NEOEN.FR,08-11-2021,11,37.22418604651163,43
HO.FR,08-11-2021,11,83.503880597015,67
RMS.FR,08-11-2021,11,1467.1326530612246,245
DBG.FR,08-11-2021,11,10.496774193548386,31
HOLN.FR,08-11-2021,11,44.659499999999994,10
VIE.FR,08-11-2021,11,29.73240837696335,191
SW.FR,08-11-2021,11,84.9493975903614,83
MCPHY.FR,08-11-2021,11,22.634677419354812,124
2CRSI.FR,08-11-2021,11,5.093333333333334,6
HO.FR,08-11-2021,11,83.58333333333334,96
GLE.FR,08-11-2021,11,30.235127450980375,510
TEP.FR,08-11-2021,11,349.0763565891474,258
BVI.FR,08-11-2021,11,29.452307692307656,104
GFC.FR,08-11-2021,11,123.08421052631579,38
LYS.FR,08-11-2021,11,1.9934285714285715,7
MEDCL.FR,08-11-2021,11,9.325625000000002,16
GOE.FR,08-11-2021,11,15.980999999999998,20
SCHP.FR,08-11-2021,11,69.65,4
VAC.FR,08-11-2021,11,9.185,4
FR.FR,08-11-2021,11,26.39055944055946,143
FREY.FR,08-11-2021,11,32.8,3
ODET.FR,08-11-2021,11,1331.6666666666667,3
MF.FR,08-11-2021,11,116.79090909090907,11
ORP.FR,08-11-2021,11,93.689,80
JCQ.FR,08-11-2021,11,22.8375,4
GID.FR,08-11-2021,11,1.2158333333333333,6
SW.FR,08-11-2021,11,85.0364150943397,212
OSE.FR,08-11-2021,11,8.832857142857142,14
TBGBS.FR,08-11-2021,11,0.022200000000000004,5
KOF.FR,08-11-2021,11,34.92105263157895,38
HEXA.FR,08-11-2021,11,42.300000000000004,4
ORIA.FR,08-11-2021,11,185.0,2
MAU.FR,08-11-2021,11,2.5989473684210522,19
FORSE.FR,08-11-2021,11,6.960000000000001,10
KER.FR,08-11-2021,11,662.7899725274721,728
FDJ.FR,08-11-2021,11,45.421571428571454,70
GLO.FR,08-11-2021,11,19.586666666666666,3
GBT.FR,08-11-2021,11,38.0,1
HDP.FR,08-11-2021,11,2.1,8
MKEA.FR,08-11-2021,11,0.9425873015873029,63
SK.FR,08-11-2021,11,134.4367647058824,68
RIN.FR,08-11-2021,11,58.49333333333333,15
UBI.FR,08-11-2021,11,47.0414814814815,108
GALIM.FR,08-11-2021,11,16.8,1
NK.FR,08-11-2021,11,37.344,50
SDG.FR,08-11-2021,11,40.297619047619044,21
MTU.FR,08-11-2021,11,29.6875,16
XFAB.FR,08-11-2021,11,9.54964285714286,28
LPE.FR,08-11-2021,11,93.47999999999999,5
LOUP.FR,08-11-2021,11,97.0,5
STLA.FR,08-11-2021,11,17.58198742138364,159
RXL.FR,08-11-2021,11,17.776634615384605,52
RNL.FR,08-11-2021,11,430.01,1
SAVE.FR,08-11-2021,11,63.8,2
FBEL.FR,08-11-2021,11,545.0,6
ORAP.FR,08-11-2021,11,6.004545454545453,11
OLG.FR,08-11-2021,11,2.21,1
VIE.FR,08-11-2021,11,29.74262032085559,187
ML.FR,08-11-2021,11,136.18076923076933,273
ALECO.FR,08-11-2021,11,15.953846153846154,13
WAVE.FR,08-11-2021,11,48.26666666666667,3
SACI.FR,08-11-2021,11,27.6,1
GNFT.FR,08-11-2021,11,3.162749999999999,16
DPAM.FR,08-11-2021,11,468.0,5
WAGA.FR,08-11-2021,11,28.477777777777767,27
DBG.FR,08-11-2021,11,10.539200000000001,25
SAF.FR,08-11-2021,11,120.07353965183792,517
FPN.FR,08-11-2021,11,0.037500000000000006,4
SCR.FR,08-11-2021,11,28.64443037974686,79
RI.FR,08-11-2021,11,205.55426829268285,164
THEP.FR,08-11-2021,11,100.86666666666667,3
KORI.FR,08-11-2021,11,29.341333333333328,75
FII.FR,08-11-2021,11,25.225,4
MCPHY.FR,08-11-2021,11,22.59818181818179,66
PUB.FR,08-11-2021,11,57.6241121495327,107
RMS.FR,08-11-2021,11,1462.3767258382643,507
LSS.FR,08-11-2021,11,36.7,4
VETO.FR,08-11-2021,11,150.20000000000002,6
EL.FR,08-11-2021,11,185.86738970588246,544
S30.FR,08-11-2021,11,7.491290322580642,124
LOCAL.FR,08-11-2021,11,1.312857142857143,14
LR.FR,08-11-2021,11,94.94168888888878,225
SWP.FR,08-11-2021,11,41.92833333333331,60
GNRO.FR,08-11-2021,11,3.87,1
NEOEN.FR,08-11-2021,11,37.208484848484865,33
HOLN.FR,08-11-2021,11,44.66103448275863,87
HDF.FR,08-11-2021,11,30.23333333333333,3
GET.FR,08-11-2021,11,13.902500000000005,36
MC.FR,08-11-2021,11,707.6587697423107,1203
STM.FR,08-11-2021,11,44.56577443609023,665
OVH.FR,08-11-2021,11,20.937799999999996,25
FNAC.FR,08-11-2021,11,57.69545454545455,22
BN.FR,08-11-2021,11,56.94208737864067,412
SU.FR,08-11-2021,11,154.17995110024475,409
FGR.FR,08-11-2021,11,93.09500000000004,100
FTI.FR,08-11-2021,11,6.493022222222223,45
RIN.FR,08-11-2021,12,58.652631578947386,19
BVI.FR,08-11-2021,12,29.49857142857142,84
HOLN.FR,08-11-2021,12,44.647727272727266,11
LPE.FR,08-11-2021,12,93.2,1
MCPHY.FR,08-11-2021,12,22.376396396396405,111
JCQ.FR,08-11-2021,12,22.812500000000004,8
FDJ.FR,08-11-2021,12,45.427500000000016,32
HDF.FR,08-11-2021,12,30.225,2
FPN.FR,08-11-2021,12,0.03793333333333334,3
OVH.FR,08-11-2021,12,20.85565217391304,23
MKEA.FR,08-11-2021,12,0.95,1
FII.FR,08-11-2021,12,25.15,2
VETO.FR,08-11-2021,12,149.35999999999999,5
HO.FR,08-11-2021,12,83.63565217391299,46
LSS.FR,08-11-2021,12,36.666666666666664,3
MEDCL.FR,08-11-2021,12,9.296666666666667,3
FGR.FR,08-11-2021,12,93.05559633027542,109
LTA.FR,08-11-2021,12,24.537727272727274,11
PARP.FR,08-11-2021,12,20.65,2
NK.FR,08-11-2021,12,37.44160000000001,25
SK.FR,08-11-2021,12,134.64166666666662,24
VIE.FR,08-11-2021,12,29.770414201183577,338
UBI.FR,08-11-2021,12,47.1330476190475,210
TEP.FR,08-11-2021,12,349.2240282685509,283
ORAP.FR,08-11-2021,12,6.01,2
SAF.FR,08-11-2021,12,120.2744019138753,418
SW.FR,08-11-2021,12,85.01927272727266,110
GFC.FR,08-11-2021,12,123.11341463414638,41
FR.FR,08-11-2021,12,26.391951219512194,41
KER.FR,08-11-2021,12,663.7074245939671,431
STM.FR,08-11-2021,12,44.52656314699788,483
GLE.FR,08-11-2021,12,30.2484257425742,505
FTI.FR,08-11-2021,12,6.501631578947372,38
LR.FR,08-11-2021,12,94.74539325842704,178
ML.FR,08-11-2021,12,136.0706382978723,235
MC.FR,08-11-2021,12,708.312004069177,983
SU.FR,08-11-2021,12,154.16879069767472,430
STLA.FR,08-11-2021,12,17.573799999999984,110
BN.FR,08-11-2021,12,56.90568749999991,320
ORP.FR,08-11-2021,12,93.78808080808084,99
S30.FR,08-11-2021,12,7.515428571428559,105
JBOG.FR,08-11-2021,12,12.35,3
UFF.FR,08-11-2021,12,17.759999999999998,5
GBT.FR,08-11-2021,12,37.81666666666667,3
MF.FR,08-11-2021,12,116.74285714285712,7
DBG.FR,08-11-2021,12,10.542142857142858,14
MAU.FR,08-11-2021,12,2.6142307692307694,13
ALMDG.FR,08-11-2021,12,38.495,20
RI.FR,08-11-2021,12,205.31530612244862,98
ALECO.FR,08-11-2021,12,15.84,4
GNFT.FR,08-11-2021,12,3.1456666666666666,6
SWP.FR,08-11-2021,12,42.112500000000004,32
WAVE.FR,08-11-2021,12,48.160000000000004,5
MTU.FR,08-11-2021,12,29.891666666666666,6
2CRSI.FR,08-11-2021,12,5.07,4
XFAB.FR,08-11-2021,12,9.598181818181816,22
FNAC.FR,08-11-2021,12,57.650000000000006,18
HEXA.FR,08-11-2021,12,42.4,1
RXL.FR,08-11-2021,12,17.787537313432836,67
NHOA.FR,08-11-2021,12,19.923333333333336,6
EL.FR,08-11-2021,12,186.48527845036315,413
PUB.FR,08-11-2021,12,57.69521367521364,117
KORI.FR,08-11-2021,12,29.271999999999995,25
GET.FR,08-11-2021,12,13.904130434782605,46
LOCAL.FR,08-11-2021,12,1.3111125000000001,32
RMS.FR,08-11-2021,12,1462.3138138138138,333
FORSE.FR,08-11-2021,12,6.951923076923076,26
GOE.FR,08-11-2021,12,15.878208955223869,67
KOF.FR,08-11-2021,12,34.85000000000001,11
NEOEN.FR,08-11-2021,12,37.16307692307693,26
SCR.FR,08-11-2021,12,28.664691358024715,81
OSE.FR,08-11-2021,12,8.85,8
2CRSI.FR,08-11-2021,12,5.0888888888888895,9
NEOEN.FR,08-11-2021,12,37.220000000000006,31
VIE.FR,08-11-2021,12,29.794849785407788,233
BN.FR,08-11-2021,12,56.978997214484544,359
SU.FR,08-11-2021,12,154.06977511244435,667
LOCAL.FR,08-11-2021,12,1.3124500000000001,16
LTA.FR,08-11-2021,12,24.34,1
MEDCL.FR,08-11-2021,12,9.266296296296296,27
SCR.FR,08-11-2021,12,28.52357575757576,165
GNE.FR,08-11-2021,12,94.0,1
WAGA.FR,08-11-2021,12,28.9375,8
KER.FR,08-11-2021,12,664.5630434782605,460
GET.FR,08-11-2021,12,13.99486754966889,151
OSE.FR,08-11-2021,12,8.857272727272726,11
FPN.FR,08-11-2021,12,0.038,1
JCQ.FR,08-11-2021,12,22.662499999999998,12
KOF.FR,08-11-2021,12,34.93055555555554,18
SAVE.FR,08-11-2021,12,63.900000000000006,8
ML.FR,08-11-2021,12,135.99846153846173,325
MF.FR,08-11-2021,12,116.67999999999999,15
GNFT.FR,08-11-2021,12,3.16,3
SCHP.FR,08-11-2021,12,69.8,1
HDF.FR,08-11-2021,12,30.3,1
FGR.FR,08-11-2021,12,92.98845360824733,97
GDS.FR,08-11-2021,12,22.1,1
FII.FR,08-11-2021,12,25.310714285714283,14
FORSE.FR,08-11-2021,12,6.960800000000002,25
RIN.FR,08-11-2021,12,58.5,23
RNL.FR,08-11-2021,12,427.8983333333333,6
PARP.FR,08-11-2021,12,20.842857142857145,7
LAT.FR,08-11-2021,12,0.519,1
ORAP.FR,08-11-2021,12,6.01,1
MCPHY.FR,08-11-2021,12,22.330819672131135,61
S30.FR,08-11-2021,12,7.564982014388475,278
GLE.FR,08-11-2021,12,30.157951030927883,776
DBG.FR,08-11-2021,12,10.5137037037037,27
HOLN.FR,08-11-2021,12,44.545625,8
MC.FR,08-11-2021,12,710.1575274177475,1003
SK.FR,08-11-2021,12,134.90967741935486,31
BVI.FR,08-11-2021,12,29.468023255813957,86
PUB.FR,08-11-2021,12,57.89519480519469,154
LR.FR,08-11-2021,12,94.91741935483863,124
FGA.FR,08-11-2021,12,5.69,3
SW.FR,08-11-2021,12,84.98066666666679,120
FR.FR,08-11-2021,12,26.33777777777775,72
NK.FR,08-11-2021,12,37.38624999999998,32
XFAB.FR,08-11-2021,12,9.661428571428573,21
UBI.FR,08-11-2021,12,47.14342723004684,213
ORP.FR,08-11-2021,12,93.74584615384613,65
TEP.FR,08-11-2021,12,348.6859402460458,569
SAF.FR,08-11-2021,12,120.55974137930991,464
LYS.FR,08-11-2021,12,1.9904,5
GOE.FR,08-11-2021,12,15.968571428571428,7
EL.FR,08-11-2021,12,187.0434871794875,390
OVH.FR,08-11-2021,12,20.860000000000007,13
MAU.FR,08-11-2021,12,2.6183333333333336,6
LSS.FR,08-11-2021,12,36.65500000000001,10
FNAC.FR,08-11-2021,12,57.53709677419357,31
GID.FR,08-11-2021,12,1.215,1
ALECO.FR,08-11-2021,12,15.924000000000001,5
GFC.FR,08-11-2021,12,123.37857142857146,63
MKEA.FR,08-11-2021,12,0.948,2
TBGBS.FR,08-11-2021,12,0.021,2
RXL.FR,08-11-2021,12,17.749009900990085,101
OREGE.FR,08-11-2021,12,1.1613333333333333,3
GBT.FR,08-11-2021,12,37.785714285714285,7
RI.FR,08-11-2021,12,205.17,190
STM.FR,08-11-2021,12,44.630985010706546,467
SWP.FR,08-11-2021,12,42.275,4
GLO.FR,08-11-2021,12,19.537647058823527,17
RMS.FR,08-11-2021,12,1468.1276276276276,333
VETO.FR,08-11-2021,12,148.42608695652171,23
HO.FR,08-11-2021,12,83.62090909090908,66
FDJ.FR,08-11-2021,12,45.30355223880603,335
STLA.FR,08-11-2021,12,17.529282758620695,145
FTI.FR,08-11-2021,12,6.493314285714287,35
MTU.FR,08-11-2021,12,29.891666666666666,6
KORI.FR,08-11-2021,12,29.32068965517242,29
RMS.FR,08-11-2021,13,1470.3409742120343,349
GFC.FR,08-11-2021,13,123.44523809523811,21
LPE.FR,08-11-2021,13,93.2,1
NEOEN.FR,08-11-2021,13,37.19571428571429,14
RI.FR,08-11-2021,13,205.2175925925929,108
TEP.FR,08-11-2021,13,348.47276995305185,213
SCHP.FR,08-11-2021,13,69.73333333333333,6
RIN.FR,08-11-2021,13,58.48888888888889,9
SW.FR,08-11-2021,13,85.1029072681705,399
JCQ.FR,08-11-2021,13,22.7,5
SAVE.FR,08-11-2021,13,63.839999999999996,5
MC.FR,08-11-2021,13,710.9580178173746,898
PUB.FR,08-11-2021,13,58.00963855421705,166
MF.FR,08-11-2021,13,116.58571428571429,7
GNFT.FR,08-11-2021,13,3.166,1
EL.FR,08-11-2021,13,187.45402390438252,251
HOLN.FR,08-11-2021,13,44.421666666666674,3
MTU.FR,08-11-2021,13,29.907142857142862,7
ORP.FR,08-11-2021,13,93.83714285714285,70
FGR.FR,08-11-2021,13,93.15668508287297,181
WAGA.FR,08-11-2021,13,28.95384615384615,13
GOE.FR,08-11-2021,13,16.01161290322581,31
ALECO.FR,08-11-2021,13,15.875,4
SAF.FR,08-11-2021,13,120.71523809523806,420
FORSE.FR,08-11-2021,13,6.952857142857144,7
PARP.FR,08-11-2021,13,21.0,1
STM.FR,08-11-2021,13,44.69427777777774,360
SU.FR,08-11-2021,13,153.9704683195594,363
GBT.FR,08-11-2021,13,37.94444444444444,9
TBGBS.FR,08-11-2021,13,0.022,2
S30.FR,08-11-2021,13,7.555215517241367,116
LACR.FR,08-11-2021,13,37.2,2
GDS.FR,08-11-2021,13,22.5,2
STLA.FR,08-11-2021,13,17.510519480519502,154
KORI.FR,08-11-2021,13,29.359230769230763,52
BVI.FR,08-11-2021,13,29.45809160305339,131
LOCAL.FR,08-11-2021,13,1.315175,8
HOP.FR,08-11-2021,13,9.0,1
SDG.FR,08-11-2021,13,40.25,1
WAVE.FR,08-11-2021,13,48.03333333333333,3
PVL.FR,08-11-2021,13,6.13,1
SLB.FR,08-11-2021,13,29.2,1
VIE.FR,08-11-2021,13,29.762894736842146,114
LYS.FR,08-11-2021,13,1.9980909090909087,11
GET.FR,08-11-2021,13,14.030050505050502,99
FII.FR,08-11-2021,13,25.45,11
LAT.FR,08-11-2021,13,0.5215000000000001,4
HO.FR,08-11-2021,13,83.62813186813186,91
VETO.FR,08-11-2021,13,148.0,9
OVH.FR,08-11-2021,13,20.84234375000001,32
RXL.FR,08-11-2021,13,17.732941176470593,68
DBG.FR,08-11-2021,13,10.529545454545453,22
MCPHY.FR,08-11-2021,13,22.416923076923087,52
KER.FR,08-11-2021,13,664.9561669829229,527
MEDCL.FR,08-11-2021,13,9.245555555555557,9
UBI.FR,08-11-2021,13,47.21064245810041,358
FNAC.FR,08-11-2021,13,57.455882352941195,17
NK.FR,08-11-2021,13,37.34699999999999,40
FR.FR,08-11-2021,13,26.45582781456957,151
HEXA.FR,08-11-2021,13,42.17142857142857,21
MAU.FR,08-11-2021,13,2.597142857142857,7
LR.FR,08-11-2021,13,94.94376470588237,85
OSE.FR,08-11-2021,13,8.956037735849055,53
VAC.FR,08-11-2021,13,9.19,3
XFAB.FR,08-11-2021,13,9.650175438596492,57
GLO.FR,08-11-2021,13,19.64,2
SWP.FR,08-11-2021,13,42.2142857142857,14
2CRSI.FR,08-11-2021,13,5.1225,4
SK.FR,08-11-2021,13,134.75,8
OREGE.FR,08-11-2021,13,1.17,1
UFF.FR,08-11-2021,13,17.7,4
KOF.FR,08-11-2021,13,34.794545454545435,55
FPG.FR,08-11-2021,13,0.5706666666666667,9
FDJ.FR,08-11-2021,13,45.361369863013785,146
SCR.FR,08-11-2021,13,28.571558441558402,77
HDF.FR,08-11-2021,13,30.35,1
ML.FR,08-11-2021,13,136.18831168831198,231
GNE.FR,08-11-2021,13,94.0,4
FPN.FR,08-11-2021,13,0.03804444444444444,9
LSS.FR,08-11-2021,13,36.68333333333334,6
BN.FR,08-11-2021,13,57.02270967741938,310
FTI.FR,08-11-2021,13,6.459168831168829,77
GLE.FR,08-11-2021,13,30.127003577817568,559
S30.FR,08-11-2021,13,7.501179245283026,106
BVI.FR,08-11-2021,13,29.532884615384674,156
KOF.FR,08-11-2021,13,34.73076923076923,13
MCPHY.FR,08-11-2021,13,22.38926829268293,41
BN.FR,08-11-2021,13,57.11922558922548,297
RI.FR,08-11-2021,13,205.61688311688326,154
GLO.FR,08-11-2021,13,19.65,2
ALECO.FR,08-11-2021,13,15.94,6
HOLN.FR,08-11-2021,13,44.49166666666667,3
GBT.FR,08-11-2021,13,37.845312500000006,32
HDF.FR,08-11-2021,13,30.130000000000003,10
RXL.FR,08-11-2021,13,17.705576923076904,78
NEOEN.FR,08-11-2021,13,37.15471698113206,53
RNL.FR,08-11-2021,13,429.98,1
MEDCL.FR,08-11-2021,13,9.24,3
OVH.FR,08-11-2021,13,20.869374999999998,16
2CRSI.FR,08-11-2021,13,5.12,2
FPG.FR,08-11-2021,13,0.578,1
STM.FR,08-11-2021,13,44.549322429906475,428
VIE.FR,08-11-2021,13,29.731750000000012,120
FORSE.FR,08-11-2021,13,6.963076923076922,26
ODET.FR,08-11-2021,13,1330.0,5
NHOA.FR,08-11-2021,13,19.711999999999996,5
PUB.FR,08-11-2021,13,58.012467532467554,77
RE.FR,08-11-2021,13,135.5,1
ALMDG.FR,08-11-2021,13,38.5,1
VETO.FR,08-11-2021,13,147.95384615384617,13
GLE.FR,08-11-2021,13,30.11283333333337,510
SAVE.FR,08-11-2021,13,63.8,1
PVL.FR,08-11-2021,13,6.14,1
FGR.FR,08-11-2021,13,93.19178947368441,285
LACR.FR,08-11-2021,13,37.5,1
SWP.FR,08-11-2021,13,42.37500000000001,6
SU.FR,08-11-2021,13,154.05655172413782,435
SAF.FR,08-11-2021,13,120.76300653594741,459
TEP.FR,08-11-2021,13,348.95989445910226,379
ML.FR,08-11-2021,13,136.3600671140936,298
OLG.FR,08-11-2021,13,2.215,2
EL.FR,08-11-2021,13,187.8546896551724,290
LR.FR,08-11-2021,13,95.14010582010587,189
OSE.FR,08-11-2021,13,9.257979797979791,99
MC.FR,08-11-2021,13,711.025180505416,1108
FR.FR,08-11-2021,13,26.510000000000023,111
NK.FR,08-11-2021,13,37.320555555555536,36
FDJ.FR,08-11-2021,13,45.49757142857143,70
FTI.FR,08-11-2021,13,6.4478082191780794,73
KER.FR,08-11-2021,13,663.5782778864983,511
WAGA.FR,08-11-2021,13,28.88333333333333,12
FII.FR,08-11-2021,13,25.41111111111111,9
LSS.FR,08-11-2021,13,36.675,2
DBG.FR,08-11-2021,13,10.517999999999999,25
HO.FR,08-11-2021,13,83.63945205479452,73
MTU.FR,08-11-2021,13,29.8375,4
FPN.FR,08-11-2021,13,0.0384,6
GOE.FR,08-11-2021,13,16.054615384615378,26
GFC.FR,08-11-2021,13,123.33846153846152,26
SCR.FR,08-11-2021,13,28.637397260273993,73
LOCAL.FR,08-11-2021,13,1.31375,28
SK.FR,08-11-2021,13,134.88571428571433,14
ORP.FR,08-11-2021,13,93.83169811320755,53
JCQ.FR,08-11-2021,13,22.7,3
RIN.FR,08-11-2021,13,58.60370370370373,27
GET.FR,08-11-2021,13,14.004272727272724,55
XFAB.FR,08-11-2021,13,9.620000000000001,12
GNFT.FR,08-11-2021,13,3.162,1
PARP.FR,08-11-2021,13,21.15555555555556,9
GENX.FR,08-11-2021,13,9.013333333333334,3
MF.FR,08-11-2021,13,116.49500000000005,40
SLB.FR,08-11-2021,13,29.02857142857143,7
HEXA.FR,08-11-2021,13,42.13333333333333,6
THEP.FR,08-11-2021,13,100.79999999999998,5
SCHP.FR,08-11-2021,13,69.625,4
LAT.FR,08-11-2021,13,0.524,1
STLA.FR,08-11-2021,13,17.487225806451622,186
MAU.FR,08-11-2021,13,2.5845454545454545,11
KORI.FR,08-11-2021,13,29.213220338983085,59
UBI.FR,08-11-2021,13,47.34588235294117,51
RMS.FR,08-11-2021,13,1468.8964285714285,280
FNAC.FR,08-11-2021,13,57.44666666666667,15
SW.FR,08-11-2021,13,84.88480000000001,75
KER.FR,08-11-2021,14,664.8271948608146,467
ML.FR,08-11-2021,14,136.36834415584437,308
PUB.FR,08-11-2021,14,58.02144144144147,111
LPE.FR,08-11-2021,14,92.31666666666666,12
FDJ.FR,08-11-2021,14,45.52159999999999,50
SWP.FR,08-11-2021,14,42.7130769230769,65
KOF.FR,08-11-2021,14,34.8,2
LSS.FR,08-11-2021,14,36.925000000000004,6
OVH.FR,08-11-2021,14,20.82137931034481,58
LOCAL.FR,08-11-2021,14,1.3153,4
SCHP.FR,08-11-2021,14,69.67500000000001,4
ORP.FR,08-11-2021,14,93.92454545454544,88
MCPHY.FR,08-11-2021,14,22.49724137931034,29
ALMDG.FR,08-11-2021,14,38.6,2
MTU.FR,08-11-2021,14,29.825000000000003,2
2CRSI.FR,08-11-2021,14,5.085,2
SLB.FR,08-11-2021,14,29.0,1
LACR.FR,08-11-2021,14,37.2,2
GNFT.FR,08-11-2021,14,3.152,1
ODET.FR,08-11-2021,14,1330.0,1
ALECO.FR,08-11-2021,14,16.0,3
EOS.FR,08-11-2021,14,2.3,2
GENX.FR,08-11-2021,14,9.0,2
GID.FR,08-11-2021,14,1.2,3
LAT.FR,08-11-2021,14,0.52,1
FNAC.FR,08-11-2021,14,57.45606060606064,33
GPE.FR,08-11-2021,14,30.0,1
MF.FR,08-11-2021,14,116.6,2
FPN.FR,08-11-2021,14,0.038266666666666664,6
FGA.FR,08-11-2021,14,5.713333333333334,3
FORSE.FR,08-11-2021,14,6.954461538461532,65
LYS.FR,08-11-2021,14,2.0075,4
VAC.FR,08-11-2021,14,9.18,1
SU.FR,08-11-2021,14,154.1317784256561,343
RXL.FR,08-11-2021,14,17.713000000000022,50
XFAB.FR,08-11-2021,14,9.616486486486487,37
S30.FR,08-11-2021,14,7.469090909090914,44
LR.FR,08-11-2021,14,95.13400000000017,160
NK.FR,08-11-2021,14,37.39023255813956,43
JCQ.FR,08-11-2021,14,22.65,5
FII.FR,08-11-2021,14,25.25,1
WAVE.FR,08-11-2021,14,48.08275862068965,29
NHOA.FR,08-11-2021,14,19.7,1
HOLN.FR,08-11-2021,14,44.4725,2
HDF.FR,08-11-2021,14,30.058333333333337,12
SK.FR,08-11-2021,14,135.1265060240965,83
GFC.FR,08-11-2021,14,123.31458333333336,24
FTI.FR,08-11-2021,14,6.447222222222222,18
GLO.FR,08-11-2021,14,19.58,6
TBGBS.FR,08-11-2021,14,0.022,1
SDG.FR,08-11-2021,14,40.3,2
VETO.FR,08-11-2021,14,148.08,5
MKEA.FR,08-11-2021,14,0.948,3
MAU.FR,08-11-2021,14,2.5825,4
GBT.FR,08-11-2021,14,38.025,6
SW.FR,08-11-2021,14,84.91733333333333,60
STM.FR,08-11-2021,14,44.61119433198376,247
OSE.FR,08-11-2021,14,9.4813475177305,141
GLE.FR,08-11-2021,14,30.070988235294138,425
FR.FR,08-11-2021,14,26.595039370078716,127
STLA.FR,08-11-2021,14,17.486126984126983,126
VIE.FR,08-11-2021,14,29.769897959183712,98
HO.FR,08-11-2021,14,83.68279999999996,50
NEOEN.FR,08-11-2021,14,37.38620689655174,58
MC.FR,08-11-2021,14,711.6421101774062,1071
EL.FR,08-11-2021,14,187.80697674418593,215
BVI.FR,08-11-2021,14,29.555000000000014,130
GOE.FR,08-11-2021,14,16.046399999999995,25
TEP.FR,08-11-2021,14,349.8136718750003,256
SAF.FR,08-11-2021,14,120.8319486081369,467
WAGA.FR,08-11-2021,14,28.58260869565217,23
RE.FR,08-11-2021,14,135.0,1
SCR.FR,08-11-2021,14,28.6852307692308,65
PVL.FR,08-11-2021,14,6.14,2
MEDCL.FR,08-11-2021,14,9.172432432432435,37
FGR.FR,08-11-2021,14,93.20607594936709,79
RMS.FR,08-11-2021,14,1470.6675531914893,188
GET.FR,08-11-2021,14,13.998375000000001,40
RI.FR,08-11-2021,14,205.82985781990544,211
KORI.FR,08-11-2021,14,29.183555555555554,45
DBG.FR,08-11-2021,14,10.521904761904763,21
RIN.FR,08-11-2021,14,58.24897959183674,49
UFF.FR,08-11-2021,14,17.868750000000002,8
UBI.FR,08-11-2021,14,47.42423728813558,118
THEP.FR,08-11-2021,14,101.32000000000001,5
BN.FR,08-11-2021,14,57.197426470588255,272
STM.FR,08-11-2021,14,44.65649892933626,467
KER.FR,08-11-2021,14,665.6441952506608,758
GOE.FR,08-11-2021,14,16.095384615384617,13
MCPHY.FR,08-11-2021,14,22.576153846153836,26
SK.FR,08-11-2021,14,134.80555555555554,18
FR.FR,08-11-2021,14,26.674936305732427,314
GBT.FR,08-11-2021,14,38.10833333333334,12
EOS.FR,08-11-2021,14,2.34,1
TEP.FR,08-11-2021,14,349.74625,320
LSS.FR,08-11-2021,14,36.9875,8
KOF.FR,08-11-2021,14,34.77931034482759,29
GLE.FR,08-11-2021,14,30.05788801571715,509
SCR.FR,08-11-2021,14,28.641882352941224,85
MF.FR,08-11-2021,14,116.58461538461535,26
LACR.FR,08-11-2021,14,37.4,4
FPN.FR,08-11-2021,14,0.03833333333333333,3
MEDCL.FR,08-11-2021,14,9.18357142857143,14
JCQ.FR,08-11-2021,14,22.55,19
BN.FR,08-11-2021,14,57.264747252747156,455
BVI.FR,08-11-2021,14,29.566190476190442,84
OSE.FR,08-11-2021,14,9.436913580246921,81
VETO.FR,08-11-2021,14,148.40000000000003,13
PARP.FR,08-11-2021,14,21.2,1
DBG.FR,08-11-2021,14,10.5078125,32
GDS.FR,08-11-2021,14,22.2,1
MAU.FR,08-11-2021,14,2.575,4
GET.FR,08-11-2021,14,13.984166666666672,24
XFAB.FR,08-11-2021,14,9.608000000000002,45
FGA.FR,08-11-2021,14,5.73,2
SAVE.FR,08-11-2021,14,63.91428571428572,7
ORP.FR,08-11-2021,14,93.8838805970149,134
RE.FR,08-11-2021,14,135.0,1
WAVE.FR,08-11-2021,14,48.152631578947364,19
SU.FR,08-11-2021,14,154.14381418092898,409
SAF.FR,08-11-2021,14,121.09881656804764,507
UBI.FR,08-11-2021,14,47.3952884615385,104
HOLN.FR,08-11-2021,14,44.46714285714286,21
FPG.FR,08-11-2021,14,0.5686666666666667,3
PAR.FR,08-11-2021,14,55.5,2
S30.FR,08-11-2021,14,7.444452554744517,137
LTA.FR,08-11-2021,14,24.415,2
GENX.FR,08-11-2021,14,8.993333333333334,6
FTI.FR,08-11-2021,14,6.4245739130434725,115
MTU.FR,08-11-2021,14,29.874999999999996,8
WAGA.FR,08-11-2021,14,28.299999999999997,9
SWP.FR,08-11-2021,14,42.690000000000005,5
GLO.FR,08-11-2021,14,19.59333333333333,12
ALMDG.FR,08-11-2021,14,38.65,1
UFF.FR,08-11-2021,14,17.75,1
OVH.FR,08-11-2021,14,20.765408163265306,98
HDF.FR,08-11-2021,14,29.969047619047615,21
THEP.FR,08-11-2021,14,101.12000000000002,20
VAC.FR,08-11-2021,14,9.18,1
ALECO.FR,08-11-2021,14,16.0,1
NK.FR,08-11-2021,14,37.329600000000035,25
HEXA.FR,08-11-2021,14,42.075,4
RNL.FR,08-11-2021,14,434.6075,4
VIE.FR,08-11-2021,14,29.78955357142858,112
FNAC.FR,08-11-2021,14,57.331250000000004,8
RI.FR,08-11-2021,14,205.9016129032261,186
RMS.FR,08-11-2021,14,1472.7281368821293,263
MC.FR,08-11-2021,14,711.7737211634868,997
FDJ.FR,08-11-2021,14,45.59306122448979,49
SW.FR,08-11-2021,14,84.87000000000002,68
2CRSI.FR,08-11-2021,14,5.111428571428571,7
GNE.FR,08-11-2021,14,94.405,2
LOCAL.FR,08-11-2021,14,1.3162533333333333,15
PVL.FR,08-11-2021,14,6.11,3
LYS.FR,08-11-2021,14,2.01,1
RIN.FR,08-11-2021,14,57.55428571428575,105
HO.FR,08-11-2021,14,83.74571428571429,56
PUB.FR,08-11-2021,14,58.02247422680414,97
KORI.FR,08-11-2021,14,29.185365853658553,41
NEOEN.FR,08-11-2021,14,37.449473684210524,38
FORSE.FR,08-11-2021,14,6.955588235294118,34
SLB.FR,08-11-2021,14,29.225,2
EL.FR,08-11-2021,14,187.6480232558141,344
GNFT.FR,08-11-2021,14,3.1632000000000007,30
STLA.FR,08-11-2021,14,17.470106312292366,301
OREGE.FR,08-11-2021,14,1.17,1
TBGBS.FR,08-11-2021,14,0.022,1
FGR.FR,08-11-2021,14,93.0014388489209,139
GFC.FR,08-11-2021,14,123.34811320754717,53
ODET.FR,08-11-2021,14,1330.0,1
RXL.FR,08-11-2021,14,17.69927536231885,69
ML.FR,08-11-2021,14,136.34905213270113,211
LOUP.FR,08-11-2021,14,97.2,2
SCHP.FR,08-11-2021,14,69.82307692307691,13
FII.FR,08-11-2021,14,25.3125,4
LR.FR,08-11-2021,14,94.94804123711339,194
LPE.FR,08-11-2021,14,91.76666666666667,6
DBG.FR,08-11-2021,15,10.53826086956522,23
NK.FR,08-11-2021,15,37.31435897435896,39
ORP.FR,08-11-2021,15,93.64884210526324,190
S30.FR,08-11-2021,15,7.498239436619718,71
2CRSI.FR,08-11-2021,15,5.167971014492753,69
WAVE.FR,08-11-2021,15,48.044444444444444,9
SWP.FR,08-11-2021,15,42.68076923076923,13
PAR.FR,08-11-2021,15,55.5,1
MAU.FR,08-11-2021,15,2.57625,16
GBT.FR,08-11-2021,15,38.24,5
FPN.FR,08-11-2021,15,0.03805,4
HDF.FR,08-11-2021,15,29.855,10
SCR.FR,08-11-2021,15,28.592079207920786,101
RE.FR,08-11-2021,15,135.0,1
HOP.FR,08-11-2021,15,9.0,2
SW.FR,08-11-2021,15,84.90551724137924,116
TBGBS.FR,08-11-2021,15,0.024292307692307693,13
MF.FR,08-11-2021,15,116.72500000000001,8
RMS.FR,08-11-2021,15,1474.9296875,320
SCHP.FR,08-11-2021,15,69.7,3
HEXA.FR,08-11-2021,15,42.300000000000004,6
ORAPB.FR,08-11-2021,15,0.862,1
GAM.FR,08-11-2021,15,102.0,1
RI.FR,08-11-2021,15,205.93699059561195,319
KOF.FR,08-11-2021,15,34.85,1
LYS.FR,08-11-2021,15,2.017142857142857,7
NHOA.FR,08-11-2021,15,19.72,1
NEOEN.FR,08-11-2021,15,37.444444444444485,72
ML.FR,08-11-2021,15,136.32571428571399,175
FNAC.FR,08-11-2021,15,57.35,3
LTA.FR,08-11-2021,15,24.48,1
OVH.FR,08-11-2021,15,20.76441666666667,60
SDG.FR,08-11-2021,15,40.4,1
LPE.FR,08-11-2021,15,90.66666666666667,6
SAF.FR,08-11-2021,15,120.93832167832181,429
FLO.FR,08-11-2021,15,15.8,1
LOUP.FR,08-11-2021,15,97.4,1
ALMDG.FR,08-11-2021,15,38.45,27
MKEA.FR,08-11-2021,15,0.937,2
VAC.FR,08-11-2021,15,9.17,1
OLG.FR,08-11-2021,15,2.2020000000000004,5
GID.FR,08-11-2021,15,1.215,1
ODET.FR,08-11-2021,15,1329.1666666666667,6
GET.FR,08-11-2021,15,13.950377358490572,53
MCPHY.FR,08-11-2021,15,22.59636363636364,33
VIE.FR,08-11-2021,15,29.84710526315789,228
LACR.FR,08-11-2021,15,37.4,3
MEDCL.FR,08-11-2021,15,9.2,3
LOCAL.FR,08-11-2021,15,1.3131875000000002,16
SAVE.FR,08-11-2021,15,63.86666666666667,3
STLA.FR,08-11-2021,15,17.487518987341797,237
STM.FR,08-11-2021,15,44.61407228915673,415
GLE.FR,08-11-2021,15,30.037443181818198,792
LSS.FR,08-11-2021,15,37.22678571428572,28
BN.FR,08-11-2021,15,57.25906724511927,461
PUB.FR,08-11-2021,15,57.96456375838908,298
KER.FR,08-11-2021,15,667.8256740914425,853
GFC.FR,08-11-2021,15,123.50517241379308,29
MC.FR,08-11-2021,15,712.9194303153573,983
XFAB.FR,08-11-2021,15,9.593695652173922,46
RXL.FR,08-11-2021,15,17.631600000000013,250
GOE.FR,08-11-2021,15,16.0,13
PARP.FR,08-11-2021,15,21.2,4
VETO.FR,08-11-2021,15,148.46666666666667,6
GNFT.FR,08-11-2021,15,3.167833333333333,12
GLO.FR,08-11-2021,15,19.54,3
WAGA.FR,08-11-2021,15,28.038461538461544,39
LAT.FR,08-11-2021,15,0.522,3
FTI.FR,08-11-2021,15,6.384730769230767,156
HO.FR,08-11-2021,15,83.61922077922088,154
FR.FR,08-11-2021,15,26.6754081632653,196
ALECO.FR,08-11-2021,15,15.944444444444445,9
JCQ.FR,08-11-2021,15,22.438888888888886,18
HOLN.FR,08-11-2021,15,44.550000000000004,3
SU.FR,08-11-2021,15,154.32545012165443,411
TEP.FR,08-11-2021,15,350.5756944444452,288
FGR.FR,08-11-2021,15,92.9352112676055,142
EL.FR,08-11-2021,15,188.0431003039514,329
UBI.FR,08-11-2021,15,47.24729927007293,137
LR.FR,08-11-2021,15,94.86101818181822,275
FORSE.FR,08-11-2021,15,6.956363636363637,11
FDJ.FR,08-11-2021,15,45.559000000000005,60
MTU.FR,08-11-2021,15,29.945000000000004,10
FII.FR,08-11-2021,15,25.2625,4
SK.FR,08-11-2021,15,134.79999999999998,17
JBOG.FR,08-11-2021,15,12.4,1
BVI.FR,08-11-2021,15,29.619158878504688,107
RIN.FR,08-11-2021,15,57.86500000000001,20
OSE.FR,08-11-2021,15,9.140215053763445,93
KORI.FR,08-11-2021,15,29.128444444444423,45
XFAB.FR,08-11-2021,15,9.609263157894746,95
ORP.FR,08-11-2021,15,93.35849673202603,306
EL.FR,08-11-2021,15,187.67591296121103,1057
OVH.FR,08-11-2021,15,20.799646464646468,99
SW.FR,08-11-2021,15,85.05508196721343,305
FGR.FR,08-11-2021,15,92.86549898166989,491
MEDCL.FR,08-11-2021,15,9.186666666666667,9
SDG.FR,08-11-2021,15,40.449999999999996,8
MCPHY.FR,08-11-2021,15,22.53256410256411,78
LSS.FR,08-11-2021,15,37.336885245901634,61
LTA.FR,08-11-2021,15,24.395,2
BVI.FR,08-11-2021,15,29.575594405594426,286
LYS.FR,08-11-2021,15,2.027,10
HDF.FR,08-11-2021,15,29.95,4
LPE.FR,08-11-2021,15,91.8,2
VAC.FR,08-11-2021,15,9.204285714285716,14
HEXA.FR,08-11-2021,15,42.011111111111106,18
GOE.FR,08-11-2021,15,15.90857142857143,7
HO.FR,08-11-2021,15,83.40350877192976,228
RMS.FR,08-11-2021,15,1470.7797888386124,663
SWP.FR,08-11-2021,15,42.63999999999999,20
UFF.FR,08-11-2021,15,17.975,8
ODET.FR,08-11-2021,15,1324.5454545454545,11
2CRSI.FR,08-11-2021,15,5.1317073170731735,41
SAVE.FR,08-11-2021,15,64.0,2
MTU.FR,08-11-2021,15,29.850000000000005,3
GNFT.FR,08-11-2021,15,3.1428333333333334,12
RIN.FR,08-11-2021,15,57.98749999999999,16
GLO.FR,08-11-2021,15,19.48,2
GAM.FR,08-11-2021,15,102.0,2
VETO.FR,08-11-2021,15,148.20645161290327,31
BUR.FR,08-11-2021,15,662.0,2
RE.FR,08-11-2021,15,134.5,3
GFC.FR,08-11-2021,15,123.32062499999988,160
MF.FR,08-11-2021,15,116.78571428571425,28
GLE.FR,08-11-2021,15,30.09641025641031,1716
SK.FR,08-11-2021,15,134.73774834437094,151
GBT.FR,08-11-2021,15,38.477777777777774,9
SX.FR,08-11-2021,15,5.0,1
WAVE.FR,08-11-2021,15,48.06170212765955,47
THEP.FR,08-11-2021,15,101.0,5
PVL.FR,08-11-2021,15,6.11,1
LR.FR,08-11-2021,15,95.10643510054885,547
RXL.FR,08-11-2021,15,17.655988023952133,334
FGA.FR,08-11-2021,15,5.71,1
LOCAL.FR,08-11-2021,15,1.3098942857142863,70
GET.FR,08-11-2021,15,13.940952380952387,105
SAF.FR,08-11-2021,15,120.66841563785995,972
SCHP.FR,08-11-2021,15,69.80833333333332,12
FDJ.FR,08-11-2021,15,45.46460937499996,128
RI.FR,08-11-2021,15,205.67890295358603,711
HOLN.FR,08-11-2021,15,44.610902777777795,72
NEOEN.FR,08-11-2021,15,37.30061224489799,98
FR.FR,08-11-2021,15,26.735884861407147,469
VIE.FR,08-11-2021,15,29.858486590038336,522
STLA.FR,08-11-2021,15,17.57149896480329,966
SCR.FR,08-11-2021,15,28.668187499999902,320
DBG.FR,08-11-2021,15,10.559649122807015,57
NK.FR,08-11-2021,15,37.46623188405802,138
KOF.FR,08-11-2021,15,34.91382978723405,47
S30.FR,08-11-2021,15,7.526197183098576,142
ALMDG.FR,08-11-2021,15,38.165,10
OSE.FR,08-11-2021,15,9.028372093023258,43
ALECO.FR,08-11-2021,15,15.98,2
FII.FR,08-11-2021,15,25.266666666666666,3
FORSE.FR,08-11-2021,15,6.974347826086955,46
GNE.FR,08-11-2021,15,95.01888888888888,18
FNAC.FR,08-11-2021,15,57.45370370370374,27
TBGBS.FR,08-11-2021,15,0.024485714285714284,7
JCQ.FR,08-11-2021,15,22.45,4
WAGA.FR,08-11-2021,15,27.95909090909091,44
MAU.FR,08-11-2021,15,2.575,4
TEP.FR,08-11-2021,15,351.1520833333339,1104
UBI.FR,08-11-2021,15,47.22770949720677,358
KORI.FR,08-11-2021,15,29.141960784313742,51
SLB.FR,08-11-2021,15,29.57243589743589,78
BN.FR,08-11-2021,15,57.059257812500114,768
SU.FR,08-11-2021,15,154.44711502199866,1591
STM.FR,08-11-2021,15,44.51214731996048,3041
FTI.FR,08-11-2021,15,6.45738486312399,621
PUB.FR,08-11-2021,15,57.996853002070516,483
KER.FR,08-11-2021,15,666.5204345273052,1703
MC.FR,08-11-2021,15,711.0645369995957,2473
ML.FR,08-11-2021,15,136.40680819912149,683
STLA.FR,08-11-2021,16,17.58002305475503,347
GET.FR,08-11-2021,16,13.947836538461528,104
RI.FR,08-11-2021,16,205.42263610315237,349
SK.FR,08-11-2021,16,135.03181818181824,44
OSE.FR,08-11-2021,16,9.075999999999999,30
LOCAL.FR,08-11-2021,16,1.2981318181818187,44
BUR.FR,08-11-2021,16,666.8571428571429,14
WAVE.FR,08-11-2021,16,48.122222222222234,9
ML.FR,08-11-2021,16,136.17259507829968,447
TBGBS.FR,08-11-2021,16,0.02421428571428572,14
KOF.FR,08-11-2021,16,35.035714285714285,7
RMS.FR,08-11-2021,16,1468.3732193732194,351
S30.FR,08-11-2021,16,7.561822429906557,107
HEXA.FR,08-11-2021,16,42.1,7
SAVE.FR,08-11-2021,16,63.87142857142856,14
SWP.FR,08-11-2021,16,42.68333333333333,9
JCQ.FR,08-11-2021,16,22.479411764705876,17
VETO.FR,08-11-2021,16,147.96666666666667,12
TEP.FR,08-11-2021,16,350.94633569739943,423
KORI.FR,08-11-2021,16,29.09199999999996,75
FORSE.FR,08-11-2021,16,6.959473684210529,19
ALMDG.FR,08-11-2021,16,38.15,4
MF.FR,08-11-2021,16,116.54166666666677,60
GID.FR,08-11-2021,16,1.215,4
UFF.FR,08-11-2021,16,18.015384615384615,13
HDF.FR,08-11-2021,16,29.9,4
SU.FR,08-11-2021,16,154.3513574097134,803
ALECO.FR,08-11-2021,16,15.98,1
SDG.FR,08-11-2021,16,40.45,3
SLB.FR,08-11-2021,16,29.733333333333334,3
OLG.FR,08-11-2021,16,2.2,1
LOUP.FR,08-11-2021,16,96.8,10
MAU.FR,08-11-2021,16,2.5974999999999997,6
GDS.FR,08-11-2021,16,22.6,1
PVL.FR,08-11-2021,16,6.13,2
LYS.FR,08-11-2021,16,2.0124999999999997,4
FGA.FR,08-11-2021,16,5.71,2
SCR.FR,08-11-2021,16,28.54385496183204,262
LACR.FR,08-11-2021,16,37.5,1
ODET.FR,08-11-2021,16,1330.3125,16
FPN.FR,08-11-2021,16,0.038233333333333334,6
FII.FR,08-11-2021,16,25.33888888888889,9
FGR.FR,08-11-2021,16,92.54715384615405,260
STM.FR,08-11-2021,16,44.543656050955505,785
FR.FR,08-11-2021,16,26.734809160305318,393
KER.FR,08-11-2021,16,665.1511724137936,725
UBI.FR,08-11-2021,16,47.34452830188682,159
PUB.FR,08-11-2021,16,57.743271375464644,538
SW.FR,08-11-2021,16,85.01109947643981,191
FTI.FR,08-11-2021,16,6.484596026490067,151
GBT.FR,08-11-2021,16,38.56428571428571,7
NEOEN.FR,08-11-2021,16,37.440579710144945,69
MTU.FR,08-11-2021,16,30.0,32
2CRSI.FR,08-11-2021,16,5.181333333333333,15
GLO.FR,08-11-2021,16,19.449230769230773,13
HOLN.FR,08-11-2021,16,44.601818181818196,11
XFAB.FR,08-11-2021,16,9.600000000000001,24
THEP.FR,08-11-2021,16,101.51111111111108,27
MKEA.FR,08-11-2021,16,0.9323333333333333,3
SCHP.FR,08-11-2021,16,69.56,10
LSS.FR,08-11-2021,16,37.580769230769235,39
MCPHY.FR,08-11-2021,16,22.439666666666678,60
LAT.FR,08-11-2021,16,0.5250000000000001,11
DBG.FR,08-11-2021,16,10.569047619047613,42
GOE.FR,08-11-2021,16,15.912000000000003,10
PARP.FR,08-11-2021,16,20.985714285714284,7
VAC.FR,08-11-2021,16,9.24,1
OVH.FR,08-11-2021,16,20.84010416666666,48
GNFT.FR,08-11-2021,16,3.1473333333333335,3
FNAC.FR,08-11-2021,16,57.20510204081632,49
VIE.FR,08-11-2021,16,29.725629370629353,286
RXL.FR,08-11-2021,16,17.602666666666636,135
NK.FR,08-11-2021,16,37.47902439024391,41
BN.FR,08-11-2021,16,56.96515999999977,500
BVI.FR,08-11-2021,16,29.519485294117697,136
MEDCL.FR,08-11-2021,16,9.21,3
GFC.FR,08-11-2021,16,123.05641025641027,39
BNBA.FR,08-11-2021,16,41.96,1
WAGA.FR,08-11-2021,16,27.799999999999997,31
LR.FR,08-11-2021,16,94.8214285714283,392
RIN.FR,08-11-2021,16,57.784210526315796,19
GLE.FR,08-11-2021,16,30.000995260663533,844
HO.FR,08-11-2021,16,83.31554455445536,202
FDJ.FR,08-11-2021,16,45.485507246376805,69
SAF.FR,08-11-2021,16,120.28125230202579,543
MC.FR,08-11-2021,16,709.4249315068469,1095
EL.FR,08-11-2021,16,187.45019999999982,400
ORP.FR,08-11-2021,16,93.32156682027659,217
GLE.FR,08-11-2021,16,29.967925736235596,781
SU.FR,08-11-2021,16,154.44792963464144,739
2CRSI.FR,08-11-2021,16,5.164444444444444,9
RMS.FR,08-11-2021,16,1468.7090643274853,342
RI.FR,08-11-2021,16,204.37321937321883,351
DBG.FR,08-11-2021,16,10.604285714285718,49
PVL.FR,08-11-2021,16,6.1,1
SWP.FR,08-11-2021,16,42.68076923076923,13
THEP.FR,08-11-2021,16,101.78181818181817,11
ODET.FR,08-11-2021,16,1330.0,4
OSE.FR,08-11-2021,16,9.087083333333338,24
BN.FR,08-11-2021,16,56.851051136363644,704
LOUP.FR,08-11-2021,16,96.6,1
VAC.FR,08-11-2021,16,9.3,2
KOF.FR,08-11-2021,16,35.075925925925944,27
WAGA.FR,08-11-2021,16,28.323913043478264,46
ALECO.FR,08-11-2021,16,15.89,2
MTU.FR,08-11-2021,16,30.179999999999996,10
UBI.FR,08-11-2021,16,47.27059829059824,234
EL.FR,08-11-2021,16,187.761165048544,515
DPAM.FR,08-11-2021,16,468.0,5
LACR.FR,08-11-2021,16,37.440000000000005,5
SDG.FR,08-11-2021,16,40.425000000000004,4
S30.FR,08-11-2021,16,7.5807812500000145,128
LSS.FR,08-11-2021,16,37.46818181818182,11
SCHP.FR,08-11-2021,16,69.09,10
TEP.FR,08-11-2021,16,350.603693931397,379
GJAJ.FR,08-11-2021,16,1.6,2
GENX.FR,08-11-2021,16,9.0,2
GBT.FR,08-11-2021,16,38.34666666666667,15
FGR.FR,08-11-2021,16,92.51378839590446,293
UFF.FR,08-11-2021,16,18.1,5
FGA.FR,08-11-2021,16,5.701250000000001,8
ORAPB.FR,08-11-2021,16,1.0,1
ORP.FR,08-11-2021,16,93.39365853658524,164
HO.FR,08-11-2021,16,83.21731182795685,186
KORI.FR,08-11-2021,16,29.057222222222194,36
SAVE.FR,08-11-2021,16,63.866666666666674,6
HEXA.FR,08-11-2021,16,42.1,2
ML.FR,08-11-2021,16,136.06138613861404,404
LYS.FR,08-11-2021,16,2.01,1
KER.FR,08-11-2021,16,664.3530386740332,905
SW.FR,08-11-2021,16,84.95406392694055,219
FORSE.FR,08-11-2021,16,6.915288461538453,104
SK.FR,08-11-2021,16,135.09130434782622,92
GLO.FR,08-11-2021,16,19.473333333333333,3
GOE.FR,08-11-2021,16,15.94857142857143,7
SCR.FR,08-11-2021,16,28.512921810699652,243
PUB.FR,08-11-2021,16,57.311711899791355,958
HOLN.FR,08-11-2021,16,44.64125,16
FTI.FR,08-11-2021,16,6.5006213592233,103
SAF.FR,08-11-2021,16,120.14800970873797,412
GFC.FR,08-11-2021,16,122.96702127659569,47
RXL.FR,08-11-2021,16,17.649765625000004,128
MC.FR,08-11-2021,16,709.0160305343519,1048
LOCAL.FR,08-11-2021,16,1.2894561403508773,57
NK.FR,08-11-2021,16,37.57709677419352,62
BVI.FR,08-11-2021,16,29.5367307692308,104
FPN.FR,08-11-2021,16,0.0379,2
OVH.FR,08-11-2021,16,20.82964285714285,42
NEOEN.FR,08-11-2021,16,37.66641221374039,131
VETO.FR,08-11-2021,16,147.34666666666672,15
MAU.FR,08-11-2021,16,2.5980769230769236,13
JCQ.FR,08-11-2021,16,22.53125,8
FII.FR,08-11-2021,16,25.468518518518515,27
SLB.FR,08-11-2021,16,29.77916666666667,12
LPE.FR,08-11-2021,16,92.06,10
RE.FR,08-11-2021,16,135.0,1
RIN.FR,08-11-2021,16,58.111764705882365,17
FNAC.FR,08-11-2021,16,57.00892857142859,28
HDF.FR,08-11-2021,16,29.95,6
GET.FR,08-11-2021,16,13.970584415584431,77
MCPHY.FR,08-11-2021,16,22.430833333333343,48
MF.FR,08-11-2021,16,116.56666666666663,21
WAVE.FR,08-11-2021,16,48.02058823529411,34
FDJ.FR,08-11-2021,16,45.449894736842104,95
STLA.FR,08-11-2021,16,17.595538116591875,446
LR.FR,08-11-2021,16,94.75917808219175,292
FR.FR,08-11-2021,16,26.880471204188467,191
XFAB.FR,08-11-2021,16,9.598974358974356,39
STM.FR,08-11-2021,16,44.545735294117506,714
VIE.FR,08-11-2021,16,29.711924528301893,265
SW.FR,08-11-2021,17,84.95612903225768,310
RXL.FR,08-11-2021,17,17.671000000000003,120
ORP.FR,08-11-2021,17,93.19863636363634,220
FTI.FR,08-11-2021,17,6.530833333333333,288
LOCAL.FR,08-11-2021,17,1.2881569620253157,79
KORI.FR,08-11-2021,17,28.986352941176452,170
FII.FR,08-11-2021,17,25.44642857142852,112
FGA.FR,08-11-2021,17,5.71,7
KER.FR,08-11-2021,17,664.1067389620462,1291
HOLN.FR,08-11-2021,17,44.638571428571424,14
OLG.FR,08-11-2021,17,2.2100000000000004,7
TEP.FR,08-11-2021,17,350.528270042193,474
ORAP.FR,08-11-2021,17,6.0,1
GID.FR,08-11-2021,17,1.2183333333333335,3
GPE.FR,08-11-2021,17,30.2,1
MKEA.FR,08-11-2021,17,0.9380000000000001,6
ALMDG.FR,08-11-2021,17,38.325,2
HDF.FR,08-11-2021,17,30.15,2
TBGBS.FR,08-11-2021,17,0.025500000000000002,2
OREGE.FR,08-11-2021,17,1.17,1
SDG.FR,08-11-2021,17,40.53888888888889,9
LTA.FR,08-11-2021,17,24.404999999999998,4
UFF.FR,08-11-2021,17,17.897999999999996,25
SAVE.FR,08-11-2021,17,64.0,2
SX.FR,08-11-2021,17,5.0,1
SLB.FR,08-11-2021,17,29.775,2
FPN.FR,08-11-2021,17,0.0382,4
SCHP.FR,08-11-2021,17,68.58571428571427,42
LSS.FR,08-11-2021,17,37.50625,24
GDS.FR,08-11-2021,17,22.6,1
LYS.FR,08-11-2021,17,2.01,3
VAC.FR,08-11-2021,17,9.225555555555554,9
LACR.FR,08-11-2021,17,37.26874999999999,16
GNFT.FR,08-11-2021,17,3.1551111111111116,18
MF.FR,08-11-2021,17,116.55490196078428,51
RE.FR,08-11-2021,17,135.0,4
JCQ.FR,08-11-2021,17,22.5,7
FR.FR,08-11-2021,17,26.86745945945941,185
FPG.FR,08-11-2021,17,0.556,1
SU.FR,08-11-2021,17,154.32830486202403,761
DBG.FR,08-11-2021,17,10.569304347826064,115
MEDCL.FR,08-11-2021,17,9.194374999999999,16
PVL.FR,08-11-2021,17,6.095,8
GOE.FR,08-11-2021,17,15.837818181818168,55
LPE.FR,08-11-2021,17,92.56666666666666,12
MTU.FR,08-11-2021,17,30.200000000000003,19
LAT.FR,08-11-2021,17,0.525,1
ALECO.FR,08-11-2021,17,15.835,4
LOUP.FR,08-11-2021,17,97.05000000000001,4
OSE.FR,08-11-2021,17,9.208088235294118,68
XFAB.FR,08-11-2021,17,9.56025,80
RIN.FR,08-11-2021,17,58.199999999999996,14
GLO.FR,08-11-2021,17,19.468888888888888,27
WAVE.FR,08-11-2021,17,48.05454545454546,33
SWP.FR,08-11-2021,17,42.63906250000001,32
WAGA.FR,08-11-2021,17,28.38137931034486,145
KOF.FR,08-11-2021,17,34.975,30
ODET.FR,08-11-2021,17,1327.5,2
FNAC.FR,08-11-2021,17,56.854629629629606,54
MAU.FR,08-11-2021,17,2.5964705882352943,17
VETO.FR,08-11-2021,17,147.59375000000006,32
GBT.FR,08-11-2021,17,38.19722222222222,18
THEP.FR,08-11-2021,17,101.99199999999999,50
STLA.FR,08-11-2021,17,17.590551330798508,526
GET.FR,08-11-2021,17,13.947816901408471,71
VIE.FR,08-11-2021,17,29.60320547945208,365
FDJ.FR,08-11-2021,17,45.41612068965515,116
GLE.FR,08-11-2021,17,29.908001631321472,1226
GFC.FR,08-11-2021,17,123.02086956521734,115
UBI.FR,08-11-2021,17,47.23131313131304,297
NK.FR,08-11-2021,17,37.589913043478255,115
SAF.FR,08-11-2021,17,120.32873822975506,531
STM.FR,08-11-2021,17,44.605376297577735,1156
FORSE.FR,08-11-2021,17,6.893048780487796,82
EL.FR,08-11-2021,17,187.77264367816102,609
ML.FR,08-11-2021,17,136.16753246753214,539
NEOEN.FR,08-11-2021,17,37.80094674556209,169
MCPHY.FR,08-11-2021,17,22.534492753623173,69
BVI.FR,08-11-2021,17,29.551015624999994,128
FGR.FR,08-11-2021,17,92.32392572944275,377
S30.FR,08-11-2021,17,7.552537313432822,134
SCR.FR,08-11-2021,17,28.51324999999999,240
MC.FR,08-11-2021,17,707.9129292929327,1485
PUB.FR,08-11-2021,17,57.564272844272836,777
LR.FR,08-11-2021,17,95.127298969072,485
RI.FR,08-11-2021,17,204.21507430997764,471
2CRSI.FR,08-11-2021,17,5.144444444444444,9
SK.FR,08-11-2021,17,134.93902439024387,41
OVH.FR,08-11-2021,17,20.82380952380953,42
HO.FR,08-11-2021,17,83.22927927927938,222
BN.FR,08-11-2021,17,56.726040268456536,745
RMS.FR,08-11-2021,17,1468.8257080610022,459
STM.FR,08-11-2021,17,44.67499999999988,255
VIE.FR,08-11-2021,17,29.560000000000112,214
ORP.FR,08-11-2021,17,93.2000000000003,177
RIN.FR,08-11-2021,17,58.200000000000024,24
MKEA.FR,08-11-2021,17,0.945,2
FTI.FR,08-11-2021,17,6.509999999999993,113
WAVE.FR,08-11-2021,17,48.0,25
STLA.FR,08-11-2021,17,17.550000000000015,149
FR.FR,08-11-2021,17,26.89999999999996,202
MF.FR,08-11-2021,17,116.70000000000027,132
LTA.FR,08-11-2021,17,24.34,7
ALECO.FR,08-11-2021,17,15.96,4
GET.FR,08-11-2021,17,13.96499999999998,159
KORI.FR,08-11-2021,17,28.960000000000026,91
PUB.FR,08-11-2021,17,57.620000000000154,196
JBOG.FR,08-11-2021,17,12.199999999999998,3
PVL.FR,08-11-2021,17,6.1,4
GNE.FR,08-11-2021,17,94.09,2
RXL.FR,08-11-2021,17,17.609999999999996,151
NK.FR,08-11-2021,17,37.5,67
SK.FR,08-11-2021,17,135.2000000000004,153
ODET.FR,08-11-2021,17,1320.0,10
XFAB.FR,08-11-2021,17,9.5,69
FGR.FR,08-11-2021,17,92.1399999999998,163
FNAC.FR,08-11-2021,17,57.05000000000009,89
WAGA.FR,08-11-2021,17,28.0,24
OVH.FR,08-11-2021,17,20.884999999999994,46
LSS.FR,08-11-2021,17,37.5,38
LPE.FR,08-11-2021,17,93.6,4
RI.FR,08-11-2021,17,204.40000000000094,264
MAU.FR,08-11-2021,17,2.6000000000000005,26
UBI.FR,08-11-2021,17,47.270000000000245,209
MEDCL.FR,08-11-2021,17,9.26,4
RMS.FR,08-11-2021,17,1466.5,214
FLY.FR,08-11-2021,17,78.0,2
TEP.FR,08-11-2021,17,351.09999999999945,202
GNFT.FR,08-11-2021,17,3.1499999999999995,8
SWP.FR,08-11-2021,17,42.350000000000016,23
KOF.FR,08-11-2021,17,34.69999999999998,78
FII.FR,08-11-2021,17,25.200000000000014,35
SCHP.FR,08-11-2021,17,68.79999999999998,20
2CRSI.FR,08-11-2021,17,5.05,8
FORSE.FR,08-11-2021,17,6.860000000000002,23
SAVE.FR,08-11-2021,17,63.6,4
BN.FR,08-11-2021,17,56.64999999999987,312
SAF.FR,08-11-2021,17,120.11999999999975,241
MCPHY.FR,08-11-2021,17,22.839999999999964,88
SX.FR,08-11-2021,17,4.920000000000001,7
BUR.FR,08-11-2021,17,662.0,2
TBGBS.FR,08-11-2021,17,0.025,2
GNRO.FR,08-11-2021,17,3.84,2
S30.FR,08-11-2021,17,7.569999999999999,74
FPG.FR,08-11-2021,17,0.576,2
ORAPB.FR,08-11-2021,17,0.862,1
LACR.FR,08-11-2021,17,36.5,14
GLO.FR,08-11-2021,17,19.62,32
GBT.FR,08-11-2021,17,38.45000000000001,21
UFF.FR,08-11-2021,17,18.0,6
ALMDG.FR,08-11-2021,17,38.1,7
KER.FR,08-11-2021,17,664.200000000002,280
GENX.FR,08-11-2021,17,9.0,4
BVI.FR,08-11-2021,17,29.51000000000013,172
HOLN.FR,08-11-2021,17,44.554999999999986,26
DBG.FR,08-11-2021,17,10.549999999999992,69
SU.FR,08-11-2021,17,154.5599999999994,359
VAC.FR,08-11-2021,17,9.17,8
FDJ.FR,08-11-2021,17,45.26000000000016,194
NHOA.FR,08-11-2021,17,19.76,1
HO.FR,08-11-2021,17,83.0,204
SDG.FR,08-11-2021,17,40.75,12
HEXA.FR,08-11-2021,17,42.300000000000004,9
ML.FR,08-11-2021,17,135.9500000000005,234
JCQ.FR,08-11-2021,17,22.599999999999998,12
VETO.FR,08-11-2021,17,148.40000000000006,28
MC.FR,08-11-2021,17,707.399999999996,371
OLG.FR,08-11-2021,17,2.22,2
GLE.FR,08-11-2021,17,29.805000000000142,341
LR.FR,08-11-2021,17,95.0,271
GOE.FR,08-11-2021,17,15.72,14
OSE.FR,08-11-2021,17,9.180000000000003,14
NEOEN.FR,08-11-2021,17,37.860000000000014,84
LOCAL.FR,08-11-2021,17,1.2860000000000007,34
SLB.FR,08-11-2021,17,29.399999999999995,14
EL.FR,08-11-2021,17,187.81999999999974,233
GFC.FR,08-11-2021,17,122.75,140
LAT.FR,08-11-2021,17,0.5140000000000001,10
SCR.FR,08-11-2021,17,28.56000000000006,189
SW.FR,08-11-2021,17,84.8199999999998,201
OREGE.FR,08-11-2021,17,1.17,3
MTU.FR,08-11-2021,17,30.299999999999986,27
THEP.FR,08-11-2021,17,102.20000000000003,21
LOUP.FR,08-11-2021,17,97.4,1
LYS.FR,08-11-2021,17,2.015,1
STM.FR,09-11-2021,09,44.62158536585369,697
SCHP.FR,09-11-2021,09,68.64864864864867,37
SLB.FR,09-11-2021,09,29.195000000000004,10
VTR.FR,09-11-2021,09,35.879999999999995,5
FPN.FR,09-11-2021,09,0.03742857142857143,7
ALMDG.FR,09-11-2021,09,38.19166666666667,6
VIE.FR,09-11-2021,09,29.72573839662438,474
GFC.FR,09-11-2021,09,122.36388888888892,108
HOLN.FR,09-11-2021,09,44.71566666666667,30
OREGE.FR,09-11-2021,09,1.17,4
MF.FR,09-11-2021,09,116.18932038834934,103
STLA.FR,09-11-2021,09,17.578230452674884,486
SAF.FR,09-11-2021,09,121.17680284191813,1126
LUCBS.FR,09-11-2021,09,0.03666666666666667,3
FR.FR,09-11-2021,09,27.097460595446634,571
FII.FR,09-11-2021,09,25.373684210526314,19
UBI.FR,09-11-2021,09,47.38670212765958,282
GLE.FR,09-11-2021,09,29.663585551330826,1315
GNFT.FR,09-11-2021,09,3.125928571428571,28
PVL.FR,09-11-2021,09,6.153333333333333,9
S30.FR,09-11-2021,09,7.498358490566037,530
RIN.FR,09-11-2021,09,58.67142857142857,49
KER.FR,09-11-2021,09,662.0817293233091,1330
VETO.FR,09-11-2021,09,147.5304347826087,23
MCPHY.FR,09-11-2021,09,22.295038759689984,387
MTU.FR,09-11-2021,09,30.13709677419356,31
WAGA.FR,09-11-2021,09,28.178787878787887,33
SX.FR,09-11-2021,09,4.88,9
MC.FR,09-11-2021,09,702.1179340659331,2275
FLY.FR,09-11-2021,09,78.0,6
LR.FR,09-11-2021,09,94.53288888888889,585
FDJ.FR,09-11-2021,09,45.20511363636358,264
SW.FR,09-11-2021,09,84.19723076923047,520
LAT.FR,09-11-2021,09,0.5155555555555555,9
KORI.FR,09-11-2021,09,28.703300970873784,206
THEP.FR,09-11-2021,09,100.62222222222222,9
BN.FR,09-11-2021,09,56.81099025974004,616
GLO.FR,09-11-2021,09,19.290434782608678,69
TEP.FR,09-11-2021,09,352.6193423597674,517
LTA.FR,09-11-2021,09,24.345,1
GOE.FR,09-11-2021,09,15.87489361702127,47
XFAB.FR,09-11-2021,09,9.555413533834578,133
JCQ.FR,09-11-2021,09,22.538095238095234,21
OLG.FR,09-11-2021,09,2.2100000000000004,10
UFF.FR,09-11-2021,09,17.98,5
BNBA.FR,09-11-2021,09,41.44,2
FNAC.FR,09-11-2021,09,56.6986607142857,112
MAU.FR,09-11-2021,09,2.5909999999999997,60
NK.FR,09-11-2021,09,37.50656000000003,125
SK.FR,09-11-2021,09,134.55686274509821,102
ODET.FR,09-11-2021,09,1321.0,10
ORAP.FR,09-11-2021,09,6.0,3
RXL.FR,09-11-2021,09,17.689155251141568,219
ALECO.FR,09-11-2021,09,15.966249999999999,16
SAVE.FR,09-11-2021,09,63.760000000000005,5
LSS.FR,09-11-2021,09,37.558333333333344,24
VAC.FR,09-11-2021,09,9.209999999999999,3
DBG.FR,09-11-2021,09,10.480412371134019,97
EOS.FR,09-11-2021,09,2.31,1
PARP.FR,09-11-2021,09,20.9,2
RE.FR,09-11-2021,09,134.5,5
BUR.FR,09-11-2021,09,664.0,1
LOUP.FR,09-11-2021,09,97.4,1
FPG.FR,09-11-2021,09,0.576,1
WAVE.FR,09-11-2021,09,47.686440677966104,59
HOP.FR,09-11-2021,09,9.0,3
NEOEN.FR,09-11-2021,09,37.94403508771926,228
2CRSI.FR,09-11-2021,09,5.071428571428571,7
SU.FR,09-11-2021,09,154.2358931552587,599
SDG.FR,09-11-2021,09,40.7,16
FTI.FR,09-11-2021,09,6.437076923076922,182
TBGBS.FR,09-11-2021,09,0.022341666666666673,12
SWP.FR,09-11-2021,09,42.93899082568806,109
LACR.FR,09-11-2021,09,36.18392857142858,56
FGA.FR,09-11-2021,09,5.700000000000001,8
SCR.FR,09-11-2021,09,28.266826568265667,271
RMS.FR,09-11-2021,09,1432.7361492046077,1823
ORP.FR,09-11-2021,09,92.79886120996434,281
HO.FR,09-11-2021,09,83.12826923076904,312
KOF.FR,09-11-2021,09,34.79878048780487,41
LYS.FR,09-11-2021,09,1.9928000000000001,10
FGR.FR,09-11-2021,09,92.09834254143654,181
GDS.FR,09-11-2021,09,22.6,2
HEXA.FR,09-11-2021,09,42.30909090909091,11
PUB.FR,09-11-2021,09,57.695100222717144,449
JBOG.FR,09-11-2021,09,12.087499999999999,8
OVH.FR,09-11-2021,09,20.814417475728167,103
GEA.FR,09-11-2021,09,102.0,3
HDF.FR,09-11-2021,09,30.045833333333338,12
MKEA.FR,09-11-2021,09,0.9450000000000001,8
OSE.FR,09-11-2021,09,9.225882352941175,51
ML.FR,09-11-2021,09,136.0897468354432,395
BVI.FR,09-11-2021,09,29.60863414634145,205
PAR.FR,09-11-2021,09,55.0,1
GBT.FR,09-11-2021,09,37.95333333333334,15
GNE.FR,09-11-2021,09,92.3,4
GENX.FR,09-11-2021,09,9.0,3
GNRO.FR,09-11-2021,09,3.84,1
GID.FR,09-11-2021,09,1.20625,4
EL.FR,09-11-2021,09,187.44718052738244,493
LOCAL.FR,09-11-2021,09,1.2916026315789466,76
NHOA.FR,09-11-2021,09,19.32937499999999,32
GET.FR,09-11-2021,09,13.938750000000006,164
RI.FR,09-11-2021,09,204.26851851851856,648
FORSE.FR,09-11-2021,09,6.850307692307699,65
LPE.FR,09-11-2021,09,93.4,1
GPE.FR,09-11-2021,09,30.066666666666666,3
MEDCL.FR,09-11-2021,09,9.35769230769231,26
RMS.FR,09-11-2021,09,1428.4864176570459,1178
FGR.FR,09-11-2021,09,92.28535714285705,168
SU.FR,09-11-2021,09,154.38300000000015,460
NHOA.FR,09-11-2021,09,18.735714285714288,28
SLB.FR,09-11-2021,09,29.375,2
FORSE.FR,09-11-2021,09,6.852820512820514,39
FGA.FR,09-11-2021,09,5.77,2
OREGE.FR,09-11-2021,09,1.1679999999999997,7
LOCAL.FR,09-11-2021,09,1.3040916666666666,24
MTU.FR,09-11-2021,09,30.0725,20
GLO.FR,09-11-2021,09,19.372000000000003,10
GET.FR,09-11-2021,09,13.965528846153859,104
GFC.FR,09-11-2021,09,122.3988095238095,42
HEXA.FR,09-11-2021,09,42.4,3
GENX.FR,09-11-2021,09,8.975999999999999,5
ORP.FR,09-11-2021,09,92.3737878787879,132
ALMDG.FR,09-11-2021,09,38.013888888888886,18
JCQ.FR,09-11-2021,09,22.5375,8
FDJ.FR,09-11-2021,09,45.428992805755385,139
VIE.FR,09-11-2021,09,30.025175572519203,655
RXL.FR,09-11-2021,09,17.812553191489368,94
KOF.FR,09-11-2021,09,34.810526315789474,19
VETO.FR,09-11-2021,09,149.66923076923075,26
THEP.FR,09-11-2021,09,101.33333333333333,6
ORAP.FR,09-11-2021,09,6.0,4
SDG.FR,09-11-2021,09,40.7,4
STM.FR,09-11-2021,09,44.83360119047618,504
LR.FR,09-11-2021,09,94.83141065830712,319
OSE.FR,09-11-2021,09,9.069999999999999,13
GNFT.FR,09-11-2021,09,3.129299999999999,20
SCR.FR,09-11-2021,09,28.112528735632225,174
RE.FR,09-11-2021,09,134.5,1
WAVE.FR,09-11-2021,09,47.93548387096773,31
OVH.FR,09-11-2021,09,20.9272641509434,53
SAF.FR,09-11-2021,09,121.83568581477135,853
KER.FR,09-11-2021,09,665.4008443908334,829
S30.FR,09-11-2021,09,7.454548192771091,166
HOP.FR,09-11-2021,09,9.0,1
LACR.FR,09-11-2021,09,36.199999999999996,3
GLE.FR,09-11-2021,09,29.75659360730594,1095
GNE.FR,09-11-2021,09,92.91,1
MF.FR,09-11-2021,09,116.35454545454546,11
HO.FR,09-11-2021,09,83.32357446808513,235
EL.FR,09-11-2021,09,187.65207692307692,520
RNL.FR,09-11-2021,09,428.24799999999993,5
EOS.FR,09-11-2021,09,2.32,1
MCPHY.FR,09-11-2021,09,22.17779816513764,109
FPN.FR,09-11-2021,09,0.038680000000000006,5
ALECO.FR,09-11-2021,09,15.82,1
OLG.FR,09-11-2021,09,2.2,1
FTI.FR,09-11-2021,09,6.406187499999999,96
RI.FR,09-11-2021,09,204.01017369727117,403
MC.FR,09-11-2021,09,702.0788140827682,1619
NK.FR,09-11-2021,09,37.6291891891892,37
PUB.FR,09-11-2021,09,57.81144827586204,290
NEOEN.FR,09-11-2021,09,37.88569620253166,158
HDF.FR,09-11-2021,09,29.88333333333334,9
ML.FR,09-11-2021,09,136.35406189555113,517
FII.FR,09-11-2021,09,25.565384615384612,13
BVI.FR,09-11-2021,09,29.644379562043827,137
SW.FR,09-11-2021,09,84.37129909365552,331
DBG.FR,09-11-2021,09,10.44,27
UBI.FR,09-11-2021,09,47.194181818181825,110
TEP.FR,09-11-2021,09,354.176008064516,496
KORI.FR,09-11-2021,09,28.725641025641032,39
RIN.FR,09-11-2021,09,58.45789473684211,19
LYS.FR,09-11-2021,09,1.995,2
HOLN.FR,09-11-2021,09,44.86954545454545,11
FNAC.FR,09-11-2021,09,56.73888888888888,9
SWP.FR,09-11-2021,09,43.405357142857156,28
TBGBS.FR,09-11-2021,09,0.025342857142857143,7
SX.FR,09-11-2021,09,4.895,2
GOE.FR,09-11-2021,09,15.816923076923077,13
LAT.FR,09-11-2021,09,0.5148750000000001,8
XFAB.FR,09-11-2021,09,9.589393939393942,33
UFF.FR,09-11-2021,09,18.015384615384615,13
VAC.FR,09-11-2021,09,9.100588235294117,34
LTA.FR,09-11-2021,09,24.483333333333334,3
ODET.FR,09-11-2021,09,1315.0,5
WAGA.FR,09-11-2021,09,28.216666666666672,18
MAU.FR,09-11-2021,09,2.575714285714286,7
STLA.FR,09-11-2021,09,17.6579380952381,420
FR.FR,09-11-2021,09,27.535092936803043,538
MEDCL.FR,09-11-2021,09,9.265,6
2CRSI.FR,09-11-2021,09,5.145909090909089,22
SK.FR,09-11-2021,09,134.68124999999998,16
BN.FR,09-11-2021,09,56.8719959266804,491
GBT.FR,09-11-2021,09,37.68749999999999,20
HO.FR,09-11-2021,10,83.3215037593985,133
OSE.FR,09-11-2021,10,9.068333333333333,6
EL.FR,09-11-2021,10,187.3488794926004,473
MC.FR,09-11-2021,10,701.6575525812614,1569
KORI.FR,09-11-2021,10,28.721176470588233,17
GNFT.FR,09-11-2021,10,3.149222222222222,18
LSS.FR,09-11-2021,10,37.31875,16
SCHP.FR,09-11-2021,10,68.5125,8
LYS.FR,09-11-2021,10,2.005714285714286,7
MTU.FR,09-11-2021,10,30.157142857142862,7
FII.FR,09-11-2021,10,25.60625,8
MF.FR,09-11-2021,10,116.14193548387094,31
WAVE.FR,09-11-2021,10,47.666666666666664,3
HDF.FR,09-11-2021,10,29.875,2
SLB.FR,09-11-2021,10,29.512500000000003,4
MKEA.FR,09-11-2021,10,0.946,2
NHOA.FR,09-11-2021,10,18.707142857142856,14
OREGE.FR,09-11-2021,10,1.156,1
SW.FR,09-11-2021,10,84.68222222222221,117
MAU.FR,09-11-2021,10,2.5875000000000004,6
FDJ.FR,09-11-2021,10,45.40535714285718,56
ALMDG.FR,09-11-2021,10,38.175,2
GOE.FR,09-11-2021,10,15.94,1
ML.FR,09-11-2021,10,136.42157258064523,248
VETO.FR,09-11-2021,10,149.15,4
PVL.FR,09-11-2021,10,6.0525,4
STLA.FR,09-11-2021,10,17.710804081632677,490
GET.FR,09-11-2021,10,13.98161184210525,152
TBGBS.FR,09-11-2021,10,0.02295,4
FIPP.FR,09-11-2021,10,0.1464,10
FNAC.FR,09-11-2021,10,56.741666666666674,12
RNL.FR,09-11-2021,10,435.0,2
MEDCL.FR,09-11-2021,10,9.285,2
SU.FR,09-11-2021,10,154.00481927710797,498
GLE.FR,09-11-2021,10,29.900579374275825,863
RE.FR,09-11-2021,10,134.5,3
KER.FR,09-11-2021,10,669.9247596153853,1664
SCR.FR,09-11-2021,10,28.10735294117649,136
ODET.FR,09-11-2021,10,1323.6363636363637,11
FGA.FR,09-11-2021,10,5.7,1
RMS.FR,09-11-2021,10,1428.994966442953,596
STM.FR,09-11-2021,10,44.85181095406364,566
FR.FR,09-11-2021,10,27.666166134185247,313
PUB.FR,09-11-2021,10,57.957666666666704,180
FTI.FR,09-11-2021,10,6.454439560439565,91
SAF.FR,09-11-2021,10,121.60567811934877,553
UBI.FR,09-11-2021,10,47.03467153284673,137
TEP.FR,09-11-2021,10,354.1389002036643,491
RXL.FR,09-11-2021,10,17.787923076923065,65
S30.FR,09-11-2021,10,7.422272727272736,77
LOCAL.FR,09-11-2021,10,1.3127025641025647,39
LR.FR,09-11-2021,10,95.02279245283032,265
2CRSI.FR,09-11-2021,10,5.084,20
VIE.FR,09-11-2021,10,30.174698113207516,530
GLO.FR,09-11-2021,10,19.460000000000004,6
ALECO.FR,09-11-2021,10,15.82,1
KOF.FR,09-11-2021,10,34.89999999999999,14
LACR.FR,09-11-2021,10,36.3875,8
HOLN.FR,09-11-2021,10,44.9907142857143,7
SK.FR,09-11-2021,10,134.8023809523809,42
JCQ.FR,09-11-2021,10,22.596875000000004,16
GNE.FR,09-11-2021,10,93.64500000000001,2
RIN.FR,09-11-2021,10,58.045098039215716,51
HEXA.FR,09-11-2021,10,42.4,2
XFAB.FR,09-11-2021,10,9.542272727272726,22
OVH.FR,09-11-2021,10,20.818382352941182,68
HOP.FR,09-11-2021,10,9.061333333333332,15
FPN.FR,09-11-2021,10,0.03913333333333333,9
FGR.FR,09-11-2021,10,92.44719512195122,164
NEOEN.FR,09-11-2021,10,37.63928571428568,56
GFC.FR,09-11-2021,10,122.54146341463417,41
MCPHY.FR,09-11-2021,10,22.468923076923062,65
BVI.FR,09-11-2021,10,29.61903448275861,145
GBT.FR,09-11-2021,10,37.78333333333334,15
WAGA.FR,09-11-2021,10,28.12272727272727,22
NK.FR,09-11-2021,10,37.8096551724138,29
FORSE.FR,09-11-2021,10,6.8521052631578945,19
SWP.FR,09-11-2021,10,43.544642857142854,28
ORP.FR,09-11-2021,10,91.95650273224047,183
RI.FR,09-11-2021,10,203.8690697674422,430
BN.FR,09-11-2021,10,56.8674852071007,338
DBG.FR,09-11-2021,10,10.446969696969697,33
GFC.FR,09-11-2021,10,122.85454545454544,11
ALECO.FR,09-11-2021,10,15.86,2
RXL.FR,09-11-2021,10,17.783289473684206,38
SWP.FR,09-11-2021,10,43.675,30
ML.FR,09-11-2021,10,136.29461206896522,232
FGR.FR,09-11-2021,10,92.50597222222233,144
STLA.FR,09-11-2021,10,17.679747252747255,182
MF.FR,09-11-2021,10,115.94857142857146,35
FLO.FR,09-11-2021,10,16.5,1
DBG.FR,09-11-2021,10,10.428333333333335,24
VETO.FR,09-11-2021,10,149.39999999999998,2
WAVE.FR,09-11-2021,10,47.47222222222222,18
RI.FR,09-11-2021,10,204.65039999999985,250
OSE.FR,09-11-2021,10,9.0165,20
TBGBS.FR,09-11-2021,10,0.0239,2
HEXA.FR,09-11-2021,10,42.339999999999996,10
MEDCL.FR,09-11-2021,10,9.257142857142856,7
ODET.FR,09-11-2021,10,1321.6666666666667,3
SAVE.FR,09-11-2021,10,63.6,6
KER.FR,09-11-2021,10,678.0540859707135,2117
VIE.FR,09-11-2021,10,30.14238410596035,453
LPE.FR,09-11-2021,10,93.0,1
JBOG.FR,09-11-2021,10,12.25,2
2CRSI.FR,09-11-2021,10,5.1240000000000006,5
HOP.FR,09-11-2021,10,9.17,2
MKEA.FR,09-11-2021,10,0.945,1
GDS.FR,09-11-2021,10,22.3,1
LAT.FR,09-11-2021,10,0.517,1
KOF.FR,09-11-2021,10,34.89999999999999,15
FIPP.FR,09-11-2021,10,0.152,1
VAC.FR,09-11-2021,10,9.09,1
SDG.FR,09-11-2021,10,40.644444444444446,9
FPN.FR,09-11-2021,10,0.039,1
PUBBS.FR,09-11-2021,10,34.0,4
HOLN.FR,09-11-2021,10,44.86000000000001,6
GNE.FR,09-11-2021,10,93.08,1
WAGA.FR,09-11-2021,10,28.475,4
GOE.FR,09-11-2021,10,15.906666666666665,12
SCR.FR,09-11-2021,10,28.18294871794872,78
NEOEN.FR,09-11-2021,10,37.69419354838714,62
FDJ.FR,09-11-2021,10,45.49347826086958,69
ORP.FR,09-11-2021,10,91.90397435897424,156
TEP.FR,09-11-2021,10,356.0495114006515,614
MCPHY.FR,09-11-2021,10,22.609787234042553,47
SK.FR,09-11-2021,10,134.95000000000002,12
PAR.FR,09-11-2021,10,55.5,1
MTU.FR,09-11-2021,10,30.21666666666667,6
OREGE.FR,09-11-2021,10,1.17,2
LOUP.FR,09-11-2021,10,97.4,2
HDF.FR,09-11-2021,10,30.0,2
XFAB.FR,09-11-2021,10,9.589493670886085,79
ORAP.FR,09-11-2021,10,6.04,3
KORI.FR,09-11-2021,10,28.675294117647052,34
ALMDG.FR,09-11-2021,10,38.35909090909092,11
FII.FR,09-11-2021,10,25.462500000000002,4
NK.FR,09-11-2021,10,37.795,20
MAU.FR,09-11-2021,10,2.5749999999999997,8
S30.FR,09-11-2021,10,7.4658333333333315,36
FNAC.FR,09-11-2021,10,57.00609756097562,41
UBI.FR,09-11-2021,10,47.09663716814157,113
GENX.FR,09-11-2021,10,8.91,4
JCQ.FR,09-11-2021,10,22.600000000000005,3
GLO.FR,09-11-2021,10,19.42,3
RIN.FR,09-11-2021,10,58.03333333333334,12
LOCAL.FR,09-11-2021,10,1.309523076923077,13
FTI.FR,09-11-2021,10,6.424915254237291,59
BVI.FR,09-11-2021,10,29.5130769230769,78
FORSE.FR,09-11-2021,10,6.83551724137931,29
SW.FR,09-11-2021,10,84.99649289099534,211
FR.FR,09-11-2021,10,27.610853080568713,211
SU.FR,09-11-2021,10,153.73369193154065,409
SAF.FR,09-11-2021,10,121.77549234135671,457
GNFT.FR,09-11-2021,10,3.199272727272728,22
HO.FR,09-11-2021,10,83.39318681318674,91
LSS.FR,09-11-2021,10,37.48125,8
LACR.FR,09-11-2021,10,36.4,3
MC.FR,09-11-2021,10,705.0407647907663,1386
OVH.FR,09-11-2021,10,20.844166666666663,36
EL.FR,09-11-2021,10,187.415948827292,469
RMS.FR,09-11-2021,10,1434.9929859719439,499
PUB.FR,09-11-2021,10,57.958550724637625,207
BN.FR,09-11-2021,10,56.75079487179489,390
STM.FR,09-11-2021,10,44.88876041666685,480
GET.FR,09-11-2021,10,13.97170000000001,50
GLE.FR,09-11-2021,10,29.885068702290102,655
LR.FR,09-11-2021,10,94.98352490421456,261
FDJ.FR,09-11-2021,11,45.595820895522436,67
SAF.FR,09-11-2021,11,122.44866768759537,653
TEP.FR,09-11-2021,11,355.8574821852722,421
STLA.FR,09-11-2021,11,17.685185628742527,167
RI.FR,09-11-2021,11,204.5724770642197,218
SCR.FR,09-11-2021,11,28.190625000000004,112
LPE.FR,09-11-2021,11,93.0,1
MCPHY.FR,09-11-2021,11,22.54355555555556,45
PUB.FR,09-11-2021,11,57.93164444444444,225
MAU.FR,09-11-2021,11,2.57625,8
RIN.FR,09-11-2021,11,57.89999999999999,7
GLE.FR,09-11-2021,11,29.86237483085252,739
RMS.FR,09-11-2021,11,1436.4252747252747,455
SCHP.FR,09-11-2021,11,68.3111111111111,9
GENX.FR,09-11-2021,11,8.92,4
FTI.FR,09-11-2021,11,6.44821052631579,57
LYS.FR,09-11-2021,11,2.0175,4
BUR.FR,09-11-2021,11,661.3333333333334,3
SU.FR,09-11-2021,11,154.05843270868795,587
STM.FR,09-11-2021,11,44.58802083333332,960
XFAB.FR,09-11-2021,11,9.556031746031746,63
MTU.FR,09-11-2021,11,30.106249999999996,8
LAT.FR,09-11-2021,11,0.517,2
FR.FR,09-11-2021,11,27.76470588235287,425
VETO.FR,09-11-2021,11,148.82222222222222,9
FII.FR,09-11-2021,11,25.560869565217395,23
SW.FR,09-11-2021,11,85.59178571428573,224
BNBA.FR,09-11-2021,11,41.94,1
LACR.FR,09-11-2021,11,36.4,3
JBOG.FR,09-11-2021,11,12.1,2
THEP.FR,09-11-2021,11,101.35999999999999,10
GPE.FR,09-11-2021,11,29.9,2
GNE.FR,09-11-2021,11,92.9,1
SDG.FR,09-11-2021,11,40.833333333333336,3
KER.FR,09-11-2021,11,677.7249653259361,721
GET.FR,09-11-2021,11,14.008894230769243,104
OSE.FR,09-11-2021,11,9.014285714285714,14
HEXA.FR,09-11-2021,11,42.53333333333333,3
GNRO.FR,09-11-2021,11,3.8449999999999998,2
DBG.FR,09-11-2021,11,10.402291666666663,48
GOE.FR,09-11-2021,11,15.968,10
VAC.FR,09-11-2021,11,9.196666666666667,3
FNAC.FR,09-11-2021,11,57.03000000000001,15
OVH.FR,09-11-2021,11,20.858749999999997,16
FPN.FR,09-11-2021,11,0.0396,2
ALECO.FR,09-11-2021,11,15.88,1
FORSE.FR,09-11-2021,11,6.815066666666666,75
WAVE.FR,09-11-2021,11,47.41785714285715,28
SX.FR,09-11-2021,11,4.91,1
VIE.FR,09-11-2021,11,30.091807580174976,343
ML.FR,09-11-2021,11,136.3197969543146,197
UFF.FR,09-11-2021,11,18.05,1
FLO.FR,09-11-2021,11,15.8,1
LOUP.FR,09-11-2021,11,97.68,5
GID.FR,09-11-2021,11,1.19,1
HDF.FR,09-11-2021,11,29.95,5
JCQ.FR,09-11-2021,11,22.533333333333335,9
GNFT.FR,09-11-2021,11,3.194,1
ALMDG.FR,09-11-2021,11,38.5,2
SK.FR,09-11-2021,11,134.9105263157895,38
SLB.FR,09-11-2021,11,29.5,1
NEOEN.FR,09-11-2021,11,37.84627450980393,102
FGA.FR,09-11-2021,11,5.74,2
ODET.FR,09-11-2021,11,1321.25,4
FGR.FR,09-11-2021,11,92.58397058823525,136
HO.FR,09-11-2021,11,83.58363636363646,143
EL.FR,09-11-2021,11,187.12355932203354,472
GFC.FR,09-11-2021,11,122.8270833333333,24
LOCAL.FR,09-11-2021,11,1.31311875,32
MKEA.FR,09-11-2021,11,0.9460000000000001,3
KOF.FR,09-11-2021,11,34.83620689655173,29
ORAP.FR,09-11-2021,11,6.04,2
MF.FR,09-11-2021,11,115.98139534883722,43
LR.FR,09-11-2021,11,95.17734806629855,181
BVI.FR,09-11-2021,11,29.34978902953594,237
FIPP.FR,09-11-2021,11,0.143,3
NHOA.FR,09-11-2021,11,18.928000000000004,5
BN.FR,09-11-2021,11,56.71799145299134,468
SAVE.FR,09-11-2021,11,63.53333333333333,3
KORI.FR,09-11-2021,11,28.588545454545418,110
ORP.FR,09-11-2021,11,91.68026143790856,153
RXL.FR,09-11-2021,11,17.763902439024385,41
UBI.FR,09-11-2021,11,47.1409009009009,111
MEDCL.FR,09-11-2021,11,9.24,9
SWP.FR,09-11-2021,11,43.85428571428573,35
LSS.FR,09-11-2021,11,37.5875,8
PVL.FR,09-11-2021,11,6.09,3
HOP.FR,09-11-2021,11,9.266153846153847,13
2CRSI.FR,09-11-2021,11,5.046428571428571,14
WAGA.FR,09-11-2021,11,28.342857142857145,7
GLO.FR,09-11-2021,11,19.545454545454543,33
OLG.FR,09-11-2021,11,2.1999999999999997,11
MC.FR,09-11-2021,11,705.5780725022087,1131
S30.FR,09-11-2021,11,7.483308823529422,68
NK.FR,09-11-2021,11,37.834666666666664,15
XFAB.FR,09-11-2021,11,9.521956521739131,46
GLE.FR,09-11-2021,11,29.745337349397595,830
SACI.FR,09-11-2021,11,27.6,1
MCPHY.FR,09-11-2021,11,22.412,20
FORSE.FR,09-11-2021,11,6.7925641025641035,39
LR.FR,09-11-2021,11,95.3508936170213,235
NHOA.FR,09-11-2021,11,18.74,1
LOCAL.FR,09-11-2021,11,1.3138444444444441,18
NEOEN.FR,09-11-2021,11,38.01,88
KOF.FR,09-11-2021,11,34.86000000000001,20
SCHP.FR,09-11-2021,11,68.15,4
SK.FR,09-11-2021,11,134.8611111111111,18
LSS.FR,09-11-2021,11,37.83225806451613,31
LPE.FR,09-11-2021,11,93.2,2
FIPP.FR,09-11-2021,11,0.152,1
SW.FR,09-11-2021,11,85.3540816326531,98
OSE.FR,09-11-2021,11,8.902807017543857,57
VAC.FR,09-11-2021,11,9.27,1
KORI.FR,09-11-2021,11,28.508888888888894,63
FREY.FR,09-11-2021,11,32.8,2
WAVE.FR,09-11-2021,11,47.401562500000054,64
VETO.FR,09-11-2021,11,148.5,4
MF.FR,09-11-2021,11,115.97777777777777,9
LOUP.FR,09-11-2021,11,97.6,1
TBGBS.FR,09-11-2021,11,0.025,4
GNRO.FR,09-11-2021,11,3.8930000000000007,10
FII.FR,09-11-2021,11,25.35125000000001,40
RI.FR,09-11-2021,11,204.85649350649373,308
GNFT.FR,09-11-2021,11,3.1711428571428573,14
HOLN.FR,09-11-2021,11,44.9025,6
FR.FR,09-11-2021,11,27.634734446130462,659
SDG.FR,09-11-2021,11,40.75,1
RIN.FR,09-11-2021,11,58.1,4
JBOG.FR,09-11-2021,11,12.27,5
STLA.FR,09-11-2021,11,17.64648275862071,203
STM.FR,09-11-2021,11,44.40904907975469,1141
DPAM.FR,09-11-2021,11,470.0,2
GFC.FR,09-11-2021,11,122.79722222222225,36
ORAP.FR,09-11-2021,11,6.04,2
MAU.FR,09-11-2021,11,2.59,6
MEDCL.FR,09-11-2021,11,9.28,1
FGA.FR,09-11-2021,11,5.78,1
HEXA.FR,09-11-2021,11,42.5,6
OLG.FR,09-11-2021,11,2.2,2
ALMDG.FR,09-11-2021,11,38.43333333333333,3
FPN.FR,09-11-2021,11,0.0396,2
LUCBS.FR,09-11-2021,11,0.035,1
THEP.FR,09-11-2021,11,102.0,1
SAF.FR,09-11-2021,11,122.12613162118836,623
JCQ.FR,09-11-2021,11,22.6,2
OREGE.FR,09-11-2021,11,1.17,1
KER.FR,09-11-2021,11,678.745238095238,882
SCR.FR,09-11-2021,11,28.125779816513774,109
EL.FR,09-11-2021,11,187.03861409796866,837
PUB.FR,09-11-2021,11,57.93528205128186,195
GET.FR,09-11-2021,11,14.008157894736838,38
OVH.FR,09-11-2021,11,20.793706896551722,58
TEP.FR,09-11-2021,11,356.21785714285727,392
MC.FR,09-11-2021,11,706.5838268792716,878
RMS.FR,09-11-2021,11,1445.0569514237857,597
ORIA.FR,09-11-2021,11,184.0,1
MONC.FR,09-11-2021,11,7800.0,1
BVI.FR,09-11-2021,11,29.325647058823556,595
BN.FR,09-11-2021,11,56.808023133543635,951
ORP.FR,09-11-2021,11,91.6015533980583,206
VIE.FR,09-11-2021,11,30.063039772727358,352
HDP.FR,09-11-2021,11,2.36,7
ML.FR,09-11-2021,11,136.32567409144073,853
WAGA.FR,09-11-2021,11,28.338461538461537,13
GLO.FR,09-11-2021,11,19.686666666666664,15
LAT.FR,09-11-2021,11,0.517,2
MTU.FR,09-11-2021,11,29.924999999999997,4
BUR.FR,09-11-2021,11,668.5,4
MKEA.FR,09-11-2021,11,0.946,2
2CRSI.FR,09-11-2021,11,5.012142857142857,14
RXL.FR,09-11-2021,11,17.779374999999998,72
NK.FR,09-11-2021,11,37.85473684210528,19
UBI.FR,09-11-2021,11,47.073132530120496,83
SWP.FR,09-11-2021,11,43.89999999999999,9
FGR.FR,09-11-2021,11,92.43744680851064,47
SU.FR,09-11-2021,11,154.25281173594112,818
DBG.FR,09-11-2021,11,10.363571428571433,42
HO.FR,09-11-2021,11,83.51757009345785,107
GOE.FR,09-11-2021,11,15.949333333333334,15
FDJ.FR,09-11-2021,11,45.610446428571386,112
GALIM.FR,09-11-2021,11,16.8,1
FTI.FR,09-11-2021,11,6.417692307692308,78
HDF.FR,09-11-2021,11,29.933333333333334,3
FNAC.FR,09-11-2021,11,56.87413793103447,29
ODET.FR,09-11-2021,11,1330.6756756756756,37
S30.FR,09-11-2021,11,7.465961538461543,52
LACR.FR,09-11-2021,11,36.480000000000004,5
MF.FR,09-11-2021,12,116.35324675324672,77
RXL.FR,09-11-2021,12,17.8062,50
RMS.FR,09-11-2021,12,1449.7205882352941,306
VIE.FR,09-11-2021,12,30.097420212765954,376
ODET.FR,09-11-2021,12,1335.4166666666667,12
FDJ.FR,09-11-2021,12,45.58472000000002,125
ALECO.FR,09-11-2021,12,15.833333333333334,3
GENX.FR,09-11-2021,12,8.98,2
MCPHY.FR,09-11-2021,12,22.535384615384608,26
PVL.FR,09-11-2021,12,6.11,1
VETO.FR,09-11-2021,12,148.99999999999997,9
FGR.FR,09-11-2021,12,92.36556962025313,79
FNAC.FR,09-11-2021,12,56.91304347826087,23
2CRSI.FR,09-11-2021,12,5.076666666666667,3
JCQ.FR,09-11-2021,12,22.6,1
MKEA.FR,09-11-2021,12,0.945,1
OLG.FR,09-11-2021,12,2.2,1
THEP.FR,09-11-2021,12,101.2,1
SX.FR,09-11-2021,12,4.91,1
GBT.FR,09-11-2021,12,37.75,1
OREGE.FR,09-11-2021,12,1.156,1
NHOA.FR,09-11-2021,12,18.73333333333333,3
HOP.FR,09-11-2021,12,9.48,1
LACR.FR,09-11-2021,12,36.7,2
ORAP.FR,09-11-2021,12,6.04,1
JBOG.FR,09-11-2021,12,12.35,2
SLB.FR,09-11-2021,12,29.6,1
FPN.FR,09-11-2021,12,0.0387,2
LOUP.FR,09-11-2021,12,97.2,2
GNFT.FR,09-11-2021,12,3.166,2
GET.FR,09-11-2021,12,14.019722222222216,36
LYS.FR,09-11-2021,12,2.0124999999999997,4
LPE.FR,09-11-2021,12,93.4,1
PUB.FR,09-11-2021,12,57.96274285714278,175
SCR.FR,09-11-2021,12,28.19367924528301,106
EL.FR,09-11-2021,12,187.159527559055,762
WAVE.FR,09-11-2021,12,47.43448275862071,58
HOLN.FR,09-11-2021,12,44.852,5
MEDCL.FR,09-11-2021,12,9.340000000000002,19
TBGBS.FR,09-11-2021,12,0.0254,1
NEOEN.FR,09-11-2021,12,37.984864864864875,74
SDG.FR,09-11-2021,12,40.65,4
KOF.FR,09-11-2021,12,34.92391304347826,23
XFAB.FR,09-11-2021,12,9.565,20
MAU.FR,09-11-2021,12,2.58,1
ALMDG.FR,09-11-2021,12,38.4,3
KORI.FR,09-11-2021,12,28.46880000000001,25
RIN.FR,09-11-2021,12,58.06,5
LSS.FR,09-11-2021,12,37.984375,32
GOE.FR,09-11-2021,12,15.94588235294118,17
HDF.FR,09-11-2021,12,29.725,2
WAGA.FR,09-11-2021,12,28.410000000000004,10
ORP.FR,09-11-2021,12,91.63534482758624,116
UBI.FR,09-11-2021,12,47.18580419580418,143
GLO.FR,09-11-2021,12,19.75687499999999,32
DBG.FR,09-11-2021,12,10.359583333333335,24
PARP.FR,09-11-2021,12,20.8,1
HO.FR,09-11-2021,12,83.3898630136986,73
VAC.FR,09-11-2021,12,9.235,2
FORSE.FR,09-11-2021,12,6.792000000000003,20
FII.FR,09-11-2021,12,25.2546875,32
ML.FR,09-11-2021,12,136.1255044390627,1239
BN.FR,09-11-2021,12,56.88937591776834,1362
SK.FR,09-11-2021,12,134.91428571428574,14
STLA.FR,09-11-2021,12,17.64880203045685,197
KER.FR,09-11-2021,12,678.3188118811886,707
GLE.FR,09-11-2021,12,29.762656167978907,1905
OVH.FR,09-11-2021,12,20.77627272727273,55
LOCAL.FR,09-11-2021,12,1.3043333333333333,9
STM.FR,09-11-2021,12,44.58527573529405,544
BVI.FR,09-11-2021,12,29.333715239154426,899
RI.FR,09-11-2021,12,204.90076726342753,391
SAF.FR,09-11-2021,12,121.92690997566889,411
LR.FR,09-11-2021,12,95.3716349809886,263
NK.FR,09-11-2021,12,37.76888888888889,18
SCHP.FR,09-11-2021,12,68.16666666666667,3
S30.FR,09-11-2021,12,7.480588235294119,51
GFC.FR,09-11-2021,12,122.98000000000003,30
SW.FR,09-11-2021,12,85.36163934426224,122
MC.FR,09-11-2021,12,707.2730473047334,909
SWP.FR,09-11-2021,12,43.99659090909089,44
OSE.FR,09-11-2021,12,8.915555555555557,9
FTI.FR,09-11-2021,12,6.414313725490194,51
TEP.FR,09-11-2021,12,357.6180138568132,433
SU.FR,09-11-2021,12,154.63907276239632,1553
FR.FR,09-11-2021,12,27.672186978297148,599
VIE.FR,09-11-2021,12,30.04115789473684,190
FR.FR,09-11-2021,12,27.70840643274836,684
MC.FR,09-11-2021,12,707.6822448979603,980
SAF.FR,09-11-2021,12,122.11869191049902,581
KER.FR,09-11-2021,12,677.399446494465,542
RI.FR,09-11-2021,12,204.92301255230177,239
MEDCL.FR,09-11-2021,12,9.336666666666666,6
LTA.FR,09-11-2021,12,24.5,1
ODET.FR,09-11-2021,12,1340.0,4
LSS.FR,09-11-2021,12,37.96111111111111,9
LACR.FR,09-11-2021,12,36.8,1
GNE.FR,09-11-2021,12,97.60694444444444,36
S30.FR,09-11-2021,12,7.492051282051282,39
MAU.FR,09-11-2021,12,2.59,1
OSE.FR,09-11-2021,12,8.948181818181821,11
WAVE.FR,09-11-2021,12,47.518518518518526,27
SAVE.FR,09-11-2021,12,63.6,1
UFF.FR,09-11-2021,12,18.05,1
UBI.FR,09-11-2021,12,47.08911764705881,68
FGR.FR,09-11-2021,12,92.26109589041106,146
SK.FR,09-11-2021,12,134.825,8
LPE.FR,09-11-2021,12,93.4,1
GBT.FR,09-11-2021,12,37.75,3
SWP.FR,09-11-2021,12,43.959090909090925,22
LAT.FR,09-11-2021,12,0.516,2
VETO.FR,09-11-2021,12,149.3111111111111,9
EL.FR,09-11-2021,12,187.18126849894256,473
KORI.FR,09-11-2021,12,28.39301204819279,83
SLB.FR,09-11-2021,12,29.45,7
MKEA.FR,09-11-2021,12,0.942111111111111,9
2CRSI.FR,09-11-2021,12,4.9441025641025655,39
GENX.FR,09-11-2021,12,8.9,1
TBGBS.FR,09-11-2021,12,0.0254,1
MTU.FR,09-11-2021,12,29.933333333333334,3
STM.FR,09-11-2021,12,44.625586797066134,409
TEP.FR,09-11-2021,12,358.9020183486254,545
STLA.FR,09-11-2021,12,17.633965317919067,173
NHOA.FR,09-11-2021,12,18.8125,8
FORSE.FR,09-11-2021,12,6.791000000000002,20
GET.FR,09-11-2021,12,13.998000000000001,60
WAGA.FR,09-11-2021,12,28.5,2
RXL.FR,09-11-2021,12,17.76493055555556,72
SW.FR,09-11-2021,12,85.18024096385538,83
BVI.FR,09-11-2021,12,29.323354037267087,161
OREGE.FR,09-11-2021,12,1.1629999999999998,4
GLO.FR,09-11-2021,12,19.82857142857143,14
SCR.FR,09-11-2021,12,28.19405940594059,101
XFAB.FR,09-11-2021,12,9.564827586206901,29
FNAC.FR,09-11-2021,12,56.989999999999995,10
GOE.FR,09-11-2021,12,15.943333333333333,6
DBG.FR,09-11-2021,12,10.349629629629627,27
LYS.FR,09-11-2021,12,2.0125,2
SCHP.FR,09-11-2021,12,67.84761904761903,21
JCQ.FR,09-11-2021,12,22.6,1
FPN.FR,09-11-2021,12,0.0394,3
LOCAL.FR,09-11-2021,12,1.297975,8
HOLN.FR,09-11-2021,12,44.85,2
OVH.FR,09-11-2021,12,20.774705882352947,17
PVL.FR,09-11-2021,12,6.1,2
KOF.FR,09-11-2021,12,35.0,2
MF.FR,09-11-2021,12,116.27600000000002,25
RIN.FR,09-11-2021,12,58.137499999999996,8
MCPHY.FR,09-11-2021,12,22.5557894736842,19
FREY.FR,09-11-2021,12,32.8,2
HDF.FR,09-11-2021,12,29.95,3
ML.FR,09-11-2021,12,136.08542274052496,343
GLE.FR,09-11-2021,12,29.639501466275707,1364
FTI.FR,09-11-2021,12,6.3863283582089565,67
GFC.FR,09-11-2021,12,123.01103202846923,281
ORP.FR,09-11-2021,12,91.74404040404046,99
SU.FR,09-11-2021,12,154.8097410604198,811
NEOEN.FR,09-11-2021,12,38.06999999999996,70
FDJ.FR,09-11-2021,12,45.558467741935516,124
BN.FR,09-11-2021,12,56.965016077170475,622
PUB.FR,09-11-2021,12,57.770395136778234,329
NK.FR,09-11-2021,12,37.72625000000002,48
RMS.FR,09-11-2021,12,1448.8256704980843,261
HO.FR,09-11-2021,12,83.38270833333323,96
FII.FR,09-11-2021,12,25.25227272727272,44
LR.FR,09-11-2021,12,95.49566820276495,217
SCR.FR,09-11-2021,13,28.130224719101122,89
TBGBS.FR,09-11-2021,13,0.0254,1
FII.FR,09-11-2021,13,25.412499999999998,8
PUB.FR,09-11-2021,13,57.62031128404684,257
FGA.FR,09-11-2021,13,5.7,2
SK.FR,09-11-2021,13,134.90526315789475,19
DBG.FR,09-11-2021,13,10.32888888888889,18
GNRO.FR,09-11-2021,13,3.94,1
UBI.FR,09-11-2021,13,47.12424999999998,80
ALMDG.FR,09-11-2021,13,38.08846153846153,13
VAC.FR,09-11-2021,13,9.27,1
RMS.FR,09-11-2021,13,1447.2880258899677,309
FGR.FR,09-11-2021,13,92.11086419753093,81
GLO.FR,09-11-2021,13,19.74,3
OREGE.FR,09-11-2021,13,1.17,1
MTU.FR,09-11-2021,13,29.932352941176468,17
JCQ.FR,09-11-2021,13,22.6,1
LAT.FR,09-11-2021,13,0.52,2
LR.FR,09-11-2021,13,95.3721527777779,288
OSE.FR,09-11-2021,13,8.9,15
MF.FR,09-11-2021,13,116.23636363636365,33
NHOA.FR,09-11-2021,13,18.9,1
GNFT.FR,09-11-2021,13,3.172,1
MCPHY.FR,09-11-2021,13,22.71947368421052,38
ORAPB.FR,09-11-2021,13,0.852,1
SX.FR,09-11-2021,13,4.91,2
GLE.FR,09-11-2021,13,29.654149532710345,535
LOCAL.FR,09-11-2021,13,1.2936833333333333,12
LUCBS.FR,09-11-2021,13,0.043,1
ALECO.FR,09-11-2021,13,15.82,1
OVH.FR,09-11-2021,13,20.735909090909104,33
HOLN.FR,09-11-2021,13,44.83,2
GNE.FR,09-11-2021,13,102.16666666666667,6
GET.FR,09-11-2021,13,13.970000000000004,68
SW.FR,09-11-2021,13,85.01872340425528,94
STM.FR,09-11-2021,13,44.60847687400314,627
SLB.FR,09-11-2021,13,29.599999999999998,3
MKEA.FR,09-11-2021,13,0.94,2
MEDCL.FR,09-11-2021,13,9.375,2
FDJ.FR,09-11-2021,13,45.54326732673272,101
FLO.FR,09-11-2021,13,16.5,1
ML.FR,09-11-2021,13,135.84300341296944,293
FNAC.FR,09-11-2021,13,56.99375,8
HO.FR,09-11-2021,13,83.31729729729736,74
VIE.FR,09-11-2021,13,29.99413427561836,283
RI.FR,09-11-2021,13,204.87849462365654,186
BVI.FR,09-11-2021,13,29.284743589743577,78
ORP.FR,09-11-2021,13,91.45986928104573,153
KORI.FR,09-11-2021,13,28.335000000000008,28
FORSE.FR,09-11-2021,13,6.783636363636368,33
GBT.FR,09-11-2021,13,37.833333333333336,3
MAU.FR,09-11-2021,13,2.6025714285714274,35
SU.FR,09-11-2021,13,154.83711111111094,630
RXL.FR,09-11-2021,13,17.758437500000003,80
S30.FR,09-11-2021,13,7.50295918367347,49
SWP.FR,09-11-2021,13,43.81923076923078,13
FTI.FR,09-11-2021,13,6.397916666666666,48
EL.FR,09-11-2021,13,186.83731764705934,425
HOP.FR,09-11-2021,13,9.336000000000002,5
KOF.FR,09-11-2021,13,35.038235294117655,17
BN.FR,09-11-2021,13,56.96489489489475,333
KER.FR,09-11-2021,13,679.7730842305238,1579
THEP.FR,09-11-2021,13,101.2,3
SCHP.FR,09-11-2021,13,67.675,4
SAF.FR,09-11-2021,13,122.00722627737211,274
RIN.FR,09-11-2021,13,58.050000000000004,4
XFAB.FR,09-11-2021,13,9.561764705882354,17
GOE.FR,09-11-2021,13,15.966666666666669,3
VETO.FR,09-11-2021,13,148.72,5
GID.FR,09-11-2021,13,1.1933333333333331,3
PARP.FR,09-11-2021,13,20.9,1
NK.FR,09-11-2021,13,37.55818181818179,55
GFC.FR,09-11-2021,13,122.94482758620691,29
HDF.FR,09-11-2021,13,29.75,2
HEXA.FR,09-11-2021,13,42.85238095238095,21
TEP.FR,09-11-2021,13,358.5634666666663,375
WAGA.FR,09-11-2021,13,28.21199999999999,25
STLA.FR,09-11-2021,13,17.614746268656713,134
FPN.FR,09-11-2021,13,0.039266666666666665,3
NEOEN.FR,09-11-2021,13,38.044782608695634,46
FR.FR,09-11-2021,13,27.52729896907219,485
MC.FR,09-11-2021,13,707.5307503075038,813
GLE.FR,09-11-2021,13,29.679395604395623,546
WAGA.FR,09-11-2021,13,28.172413793103445,29
MCPHY.FR,09-11-2021,13,22.820784313725493,51
S30.FR,09-11-2021,13,7.476399999999997,50
FDJ.FR,09-11-2021,13,45.50625,80
ORP.FR,09-11-2021,13,91.64551724137932,58
FII.FR,09-11-2021,13,25.35,1
KOF.FR,09-11-2021,13,35.1458333333333,48
JBOG.FR,09-11-2021,13,12.35,1
VETO.FR,09-11-2021,13,148.4,2
LYS.FR,09-11-2021,13,2.00375,4
ODET.FR,09-11-2021,13,1335.0,12
GET.FR,09-11-2021,13,13.94140449438203,89
SK.FR,09-11-2021,13,134.6620689655172,29
GID.FR,09-11-2021,13,1.1916666666666667,3
UBI.FR,09-11-2021,13,47.44110091743119,109
PARP.FR,09-11-2021,13,20.95,2
LSS.FR,09-11-2021,13,37.95434782608697,23
STM.FR,09-11-2021,13,44.580605022830966,438
GOE.FR,09-11-2021,13,15.969999999999999,6
HO.FR,09-11-2021,13,83.28873015873016,126
ALECO.FR,09-11-2021,13,15.88,1
TBGBS.FR,09-11-2021,13,0.025539999999999997,5
HOP.FR,09-11-2021,13,9.24,1
SWP.FR,09-11-2021,13,43.82750000000002,20
GAM.FR,09-11-2021,13,102.0,1
GNE.FR,09-11-2021,13,100.14,3
ML.FR,09-11-2021,13,135.8421511627904,172
OVH.FR,09-11-2021,13,20.64051136363636,88
NHOA.FR,09-11-2021,13,18.9,1
OLG.FR,09-11-2021,13,2.2,1
MC.FR,09-11-2021,13,708.2841095890387,730
LAT.FR,09-11-2021,13,0.516,3
SCHP.FR,09-11-2021,13,67.7,2
STLA.FR,09-11-2021,13,17.617750000000004,96
LR.FR,09-11-2021,13,95.12081447963813,221
BN.FR,09-11-2021,13,57.03214646464636,396
FGR.FR,09-11-2021,13,92.06148148148141,54
MTU.FR,09-11-2021,13,30.0,1
LPE.FR,09-11-2021,13,92.6,1
PUB.FR,09-11-2021,13,57.43314741035853,251
SLB.FR,09-11-2021,13,29.5,1
FLY.FR,09-11-2021,13,77.57142857142857,7
VIE.FR,09-11-2021,13,29.947361963190158,163
RMS.FR,09-11-2021,13,1445.0,229
UFF.FR,09-11-2021,13,18.05,1
SCR.FR,09-11-2021,13,28.08793103448274,87
TEP.FR,09-11-2021,13,358.51417525773263,388
KORI.FR,09-11-2021,13,28.326666666666682,90
KER.FR,09-11-2021,13,682.0923657718122,1192
SAF.FR,09-11-2021,13,122.05568389057736,329
RI.FR,09-11-2021,13,204.78349999999978,200
RE.FR,09-11-2021,13,134.5,1
GBT.FR,09-11-2021,13,37.72692307692308,13
SU.FR,09-11-2021,13,154.65658079625305,427
LOCAL.FR,09-11-2021,13,1.2921818181818183,11
EL.FR,09-11-2021,13,186.70551351351335,370
NEOEN.FR,09-11-2021,13,37.96000000000003,33
FORSE.FR,09-11-2021,13,6.77058823529412,34
RXL.FR,09-11-2021,13,17.688139534883707,43
FTI.FR,09-11-2021,13,6.417702127659575,47
OSE.FR,09-11-2021,13,8.973846153846157,13
SX.FR,09-11-2021,13,4.91,2
LTA.FR,09-11-2021,13,24.3725,2
FPN.FR,09-11-2021,13,0.0396875,16
GNFT.FR,09-11-2021,13,3.1773333333333333,3
RIN.FR,09-11-2021,13,57.75714285714285,7
HOLN.FR,09-11-2021,13,44.82083333333333,6
GDS.FR,09-11-2021,13,22.6,1
XFAB.FR,09-11-2021,13,9.537826086956523,23
DBG.FR,09-11-2021,13,10.311111111111114,36
FNAC.FR,09-11-2021,13,56.97352941176473,17
ORAPB.FR,09-11-2021,13,1.0,1
MF.FR,09-11-2021,13,116.15185185185182,27
ORAP.FR,09-11-2021,13,6.04,1
BVI.FR,09-11-2021,13,29.241797752808985,89
VAC.FR,09-11-2021,13,9.27,1
MEDCL.FR,09-11-2021,13,9.38,2
JCQ.FR,09-11-2021,13,22.507142857142856,14
NK.FR,09-11-2021,13,37.48627450980394,51
SW.FR,09-11-2021,13,84.8252727272728,220
GFC.FR,09-11-2021,13,123.00000000000003,20
FR.FR,09-11-2021,13,27.41167883211682,137
HEXA.FR,09-11-2021,13,42.7,16
MAU.FR,09-11-2021,13,2.601666666666667,12
SAF.FR,09-11-2021,14,122.02053231939173,526
GFC.FR,09-11-2021,14,122.84499999999996,20
MCPHY.FR,09-11-2021,14,22.637254901960777,51
LR.FR,09-11-2021,14,95.04036199095052,221
RIN.FR,09-11-2021,14,57.64444444444445,9
GET.FR,09-11-2021,14,13.871117647058824,85
GLO.FR,09-11-2021,14,19.7,2
GID.FR,09-11-2021,14,1.2,2
FNAC.FR,09-11-2021,14,56.97142857142857,7
LTA.FR,09-11-2021,14,24.34,2
MKEA.FR,09-11-2021,14,0.9356666666666666,3
NK.FR,09-11-2021,14,37.35719999999997,50
XFAB.FR,09-11-2021,14,9.533076923076926,39
ALECO.FR,09-11-2021,14,15.806666666666665,9
WAVE.FR,09-11-2021,14,47.875,4
FPN.FR,09-11-2021,14,0.03994285714285715,7
MAU.FR,09-11-2021,14,2.5972727272727276,11
JCQ.FR,09-11-2021,14,22.5,5
SLB.FR,09-11-2021,14,29.6,2
SW.FR,09-11-2021,14,84.7394871794871,351
ORP.FR,09-11-2021,14,91.70235294117646,85
GBT.FR,09-11-2021,14,37.699999999999996,9
JBOG.FR,09-11-2021,14,12.35,1
OSE.FR,09-11-2021,14,9.01,1
OREGE.FR,09-11-2021,14,1.154,2
FII.FR,09-11-2021,14,25.42142857142857,7
TEP.FR,09-11-2021,14,359.044632768362,354
EL.FR,09-11-2021,14,186.63038297872353,470
SX.FR,09-11-2021,14,4.89,1
ALMDG.FR,09-11-2021,14,38.4,1
STLA.FR,09-11-2021,14,17.600888888888885,225
ORAP.FR,09-11-2021,14,6.04,1
THEP.FR,09-11-2021,14,101.0,2
VIE.FR,09-11-2021,14,29.854550264550305,189
RI.FR,09-11-2021,14,204.91394230769214,208
ML.FR,09-11-2021,14,135.7991176470587,170
OVH.FR,09-11-2021,14,20.61183333333333,60
OLG.FR,09-11-2021,14,2.21,1
HEXA.FR,09-11-2021,14,42.5,4
MC.FR,09-11-2021,14,708.4707492795382,694
HDF.FR,09-11-2021,14,29.9,1
LOUP.FR,09-11-2021,14,97.6,2
GLE.FR,09-11-2021,14,29.67278340080975,494
PUB.FR,09-11-2021,14,57.28742138364777,318
UBI.FR,09-11-2021,14,47.521192052980176,151
BN.FR,09-11-2021,14,57.020775510204274,245
KOF.FR,09-11-2021,14,35.050000000000004,6
MEDCL.FR,09-11-2021,14,9.367777777777777,9
NHOA.FR,09-11-2021,14,18.9,2
HO.FR,09-11-2021,14,83.31644736842101,152
FTI.FR,09-11-2021,14,6.409849999999999,40
LSS.FR,09-11-2021,14,37.96875,8
KER.FR,09-11-2021,14,682.5376395534262,1254
FDJ.FR,09-11-2021,14,45.448253968253994,63
S30.FR,09-11-2021,14,7.459642857142853,56
BVI.FR,09-11-2021,14,29.19636363636363,99
HOP.FR,09-11-2021,14,9.24,1
VETO.FR,09-11-2021,14,148.8,2
SWP.FR,09-11-2021,14,43.824999999999996,6
FLY.FR,09-11-2021,14,76.8,5
WAGA.FR,09-11-2021,14,28.26,5
TBGBS.FR,09-11-2021,14,0.024,2
MF.FR,09-11-2021,14,116.19999999999999,61
SK.FR,09-11-2021,14,134.90759493670885,79
DBG.FR,09-11-2021,14,10.293571428571427,14
GOE.FR,09-11-2021,14,15.965000000000003,8
VAC.FR,09-11-2021,14,9.25,1
GNFT.FR,09-11-2021,14,3.193166666666667,24
SCHP.FR,09-11-2021,14,67.5,9
SDG.FR,09-11-2021,14,40.85,1
FGR.FR,09-11-2021,14,91.87666666666671,114
HOLN.FR,09-11-2021,14,44.7255,10
LOCAL.FR,09-11-2021,14,1.2909272727272727,11
NEOEN.FR,09-11-2021,14,37.812608695652145,46
KORI.FR,09-11-2021,14,28.305925925925894,54
GNE.FR,09-11-2021,14,101.065,4
STM.FR,09-11-2021,14,44.52678284182305,373
RMS.FR,09-11-2021,14,1447.9608108108107,370
FORSE.FR,09-11-2021,14,6.7709433962264125,53
SU.FR,09-11-2021,14,154.52277777777746,468
FR.FR,09-11-2021,14,27.21867647058821,136
RXL.FR,09-11-2021,14,17.673773584905657,159
SCR.FR,09-11-2021,14,28.03354430379748,158
NK.FR,09-11-2021,14,37.31931034482758,58
FDJ.FR,09-11-2021,14,45.45040000000001,50
UBI.FR,09-11-2021,14,47.50985714285716,140
GLE.FR,09-11-2021,14,29.663199767711944,861
SW.FR,09-11-2021,14,84.74434210526303,152
GET.FR,09-11-2021,14,13.872075471698112,53
LAT.FR,09-11-2021,14,0.52,1
WAVE.FR,09-11-2021,14,48.0,1
RE.FR,09-11-2021,14,134.125,8
TBGBS.FR,09-11-2021,14,0.02505,4
OREGE.FR,09-11-2021,14,1.1678,10
VETO.FR,09-11-2021,14,148.0,2
2CRSI.FR,09-11-2021,14,5.04,1
MAU.FR,09-11-2021,14,2.5964285714285715,7
FII.FR,09-11-2021,14,25.35,4
SDG.FR,09-11-2021,14,40.65,3
JBOG.FR,09-11-2021,14,12.2125,4
JCQ.FR,09-11-2021,14,22.45,1
SLB.FR,09-11-2021,14,29.4,4
MEDCL.FR,09-11-2021,14,9.364999999999998,2
LOCAL.FR,09-11-2021,14,1.2924,6
LOUP.FR,09-11-2021,14,97.6,1
VAC.FR,09-11-2021,14,9.175,4
LR.FR,09-11-2021,14,95.10608695652165,253
SAVE.FR,09-11-2021,14,63.6,1
FPG.FR,09-11-2021,14,0.576,1
FNAC.FR,09-11-2021,14,56.81851851851852,27
OSE.FR,09-11-2021,14,8.932666666666668,15
LSS.FR,09-11-2021,14,37.983333333333334,3
WAGA.FR,09-11-2021,14,28.161290322580637,31
SCHP.FR,09-11-2021,14,67.56666666666666,6
SWP.FR,09-11-2021,14,43.85,7
DBG.FR,09-11-2021,14,10.292499999999999,12
ALMDG.FR,09-11-2021,14,38.349999999999994,4
GOE.FR,09-11-2021,14,15.962857142857146,7
GNRO.FR,09-11-2021,14,3.92,1
NHOA.FR,09-11-2021,14,18.76,2
GBT.FR,09-11-2021,14,37.7,1
LYS.FR,09-11-2021,14,1.9673818181818168,55
FPN.FR,09-11-2021,14,0.03974285714285714,7
XFAB.FR,09-11-2021,14,9.543214285714283,28
ALECO.FR,09-11-2021,14,15.806666666666667,3
FTI.FR,09-11-2021,14,6.4211111111111085,153
GFC.FR,09-11-2021,14,123.18846153846155,39
NEOEN.FR,09-11-2021,14,37.6379591836734,98
HDF.FR,09-11-2021,14,29.85,2
GNFT.FR,09-11-2021,14,3.2062105263157896,38
HOLN.FR,09-11-2021,14,44.69571428571429,7
LACR.FR,09-11-2021,14,36.875,4
ORP.FR,09-11-2021,14,91.76681818181815,88
OVH.FR,09-11-2021,14,20.584200000000006,50
FR.FR,09-11-2021,14,27.313099630996337,271
RI.FR,09-11-2021,14,205.1698492462312,199
RIN.FR,09-11-2021,14,57.68333333333333,6
PUB.FR,09-11-2021,14,57.40818181818162,220
FORSE.FR,09-11-2021,14,6.775901639344259,61
MCPHY.FR,09-11-2021,14,22.61391304347826,23
BVI.FR,09-11-2021,14,29.212926829268305,82
EL.FR,09-11-2021,14,186.53612299465254,748
STM.FR,09-11-2021,14,44.46068993506483,616
ML.FR,09-11-2021,14,135.7206310679616,206
ORAP.FR,09-11-2021,14,6.042,5
KORI.FR,09-11-2021,14,28.34580645161291,31
KOF.FR,09-11-2021,14,35.05454545454546,11
VIE.FR,09-11-2021,14,29.879358974358958,312
HO.FR,09-11-2021,14,83.43928571428573,140
S30.FR,09-11-2021,14,7.457173913043479,23
STLA.FR,09-11-2021,14,17.587465116279073,172
MF.FR,09-11-2021,14,116.30270270270275,37
KER.FR,09-11-2021,14,685.3722897669686,1974
TEP.FR,09-11-2021,14,359.1346385542167,332
RMS.FR,09-11-2021,14,1452.855513307985,263
GNE.FR,09-11-2021,14,99.3630769230769,13
SAF.FR,09-11-2021,14,122.03919597989953,398
RXL.FR,09-11-2021,14,17.724054054054065,37
SK.FR,09-11-2021,14,134.61481481481482,54
GLO.FR,09-11-2021,14,19.585,8
SCR.FR,09-11-2021,14,28.01640718562875,167
BN.FR,09-11-2021,14,57.114698412698345,315
SU.FR,09-11-2021,14,154.6823836126624,537
FGR.FR,09-11-2021,14,91.86269230769221,104
MC.FR,09-11-2021,14,710.5961997828432,921
GLE.FR,09-11-2021,15,29.722855680655147,977
FR.FR,09-11-2021,15,27.426832460732935,382
MC.FR,09-11-2021,15,710.8703562340952,786
SW.FR,09-11-2021,15,84.80111999999997,125
STM.FR,09-11-2021,15,44.494029126213654,412
LAT.FR,09-11-2021,15,0.5142000000000001,5
GDS.FR,09-11-2021,15,22.6,1
ALECO.FR,09-11-2021,15,15.809999999999999,2
XFAB.FR,09-11-2021,15,9.539500000000004,40
GNE.FR,09-11-2021,15,97.59833333333331,6
HOLN.FR,09-11-2021,15,44.7175,4
GET.FR,09-11-2021,15,13.894406779661008,59
GBT.FR,09-11-2021,15,37.49062500000001,16
ALMDG.FR,09-11-2021,15,38.324999999999996,4
GENX.FR,09-11-2021,15,8.94,1
ORAP.FR,09-11-2021,15,6.006666666666667,3
JCQ.FR,09-11-2021,15,22.45,1
MKEA.FR,09-11-2021,15,0.9359999999999999,2
GNRO.FR,09-11-2021,15,3.92,1
MEDCL.FR,09-11-2021,15,9.372857142857143,7
SCR.FR,09-11-2021,15,28.042946428571433,112
NEOEN.FR,09-11-2021,15,37.72042553191489,47
VETO.FR,09-11-2021,15,148.4,1
RIN.FR,09-11-2021,15,57.7,4
LYS.FR,09-11-2021,15,1.9692,5
LOCAL.FR,09-11-2021,15,1.29,2
GID.FR,09-11-2021,15,1.195,1
JBOG.FR,09-11-2021,15,12.225,4
LSS.FR,09-11-2021,15,37.90185185185184,27
NHOA.FR,09-11-2021,15,18.9,2
OREGE.FR,09-11-2021,15,1.17,1
WAVE.FR,09-11-2021,15,47.839999999999996,5
HOP.FR,09-11-2021,15,9.24,1
WAGA.FR,09-11-2021,15,28.200000000000003,12
FII.FR,09-11-2021,15,25.3,2
FGR.FR,09-11-2021,15,91.87647058823528,68
MCPHY.FR,09-11-2021,15,22.729629629629624,27
MF.FR,09-11-2021,15,116.40000000000002,14
FNAC.FR,09-11-2021,15,56.82083333333333,12
GLO.FR,09-11-2021,15,19.525714285714283,7
FGA.FR,09-11-2021,15,5.6899999999999995,4
KOF.FR,09-11-2021,15,35.1,8
VAC.FR,09-11-2021,15,9.168000000000001,5
OVH.FR,09-11-2021,15,20.594895833333336,48
SCHP.FR,09-11-2021,15,67.45,6
TBGBS.FR,09-11-2021,15,0.024733333333333333,3
GOE.FR,09-11-2021,15,15.963157894736845,19
SK.FR,09-11-2021,15,134.42083333333335,48
SWP.FR,09-11-2021,15,43.85416666666668,12
DBG.FR,09-11-2021,15,10.308214285714286,28
GNFT.FR,09-11-2021,15,3.2064615384615394,13
SAF.FR,09-11-2021,15,121.95393364928911,422
HO.FR,09-11-2021,15,83.58520833333337,96
FDJ.FR,09-11-2021,15,45.44950000000002,60
RXL.FR,09-11-2021,15,17.749193548387094,62
NK.FR,09-11-2021,15,37.3089552238806,67
RI.FR,09-11-2021,15,205.55130111524088,269
LR.FR,09-11-2021,15,95.07220973782786,267
ORP.FR,09-11-2021,15,91.67837837837838,111
KORI.FR,09-11-2021,15,28.33471698113207,53
GFC.FR,09-11-2021,15,123.34027777777776,36
OSE.FR,09-11-2021,15,8.916923076923077,13
BVI.FR,09-11-2021,15,29.20159090909094,88
UBI.FR,09-11-2021,15,47.29855855855854,111
FORSE.FR,09-11-2021,15,6.792999999999999,20
EL.FR,09-11-2021,15,186.35569553805783,381
PUB.FR,09-11-2021,15,57.63737827715365,267
SU.FR,09-11-2021,15,154.68857798165124,436
RMS.FR,09-11-2021,15,1452.308016877637,237
MTU.FR,09-11-2021,15,29.854347826086947,23
FTI.FR,09-11-2021,15,6.439716666666669,120
S30.FR,09-11-2021,15,7.468125000000001,24
BN.FR,09-11-2021,15,57.166930091185414,329
KER.FR,09-11-2021,15,687.07264069264,2310
VIE.FR,09-11-2021,15,29.886588628762507,299
ML.FR,09-11-2021,15,135.8837121212123,264
STLA.FR,09-11-2021,15,17.6228,140
TEP.FR,09-11-2021,15,358.40282608695554,460
BN.FR,09-11-2021,15,57.26884792626736,651
MC.FR,09-11-2021,15,710.9600985221718,1827
KER.FR,09-11-2021,15,687.3710560625822,2301
SW.FR,09-11-2021,15,84.61274336283194,339
GLE.FR,09-11-2021,15,29.69651319192951,1933
HO.FR,09-11-2021,15,83.61262500000022,320
MAU.FR,09-11-2021,15,2.593653846153847,26
WAVE.FR,09-11-2021,15,47.85833333333332,12
FII.FR,09-11-2021,15,25.313636363636366,11
FNAC.FR,09-11-2021,15,56.76938775510203,49
MTU.FR,09-11-2021,15,29.925,2
FTI.FR,09-11-2021,15,6.363602620087343,458
UBI.FR,09-11-2021,15,47.25298932384342,281
BUR.FR,09-11-2021,15,660.0,2
ORAP.FR,09-11-2021,15,5.97,3
LSS.FR,09-11-2021,15,37.96923076923076,13
OSE.FR,09-11-2021,15,8.893333333333333,3
PARP.FR,09-11-2021,15,20.75,2
TEP.FR,09-11-2021,15,358.4330373001775,563
DBG.FR,09-11-2021,15,10.320222222222226,45
RXL.FR,09-11-2021,15,17.748779069767426,258
MEDCL.FR,09-11-2021,15,9.38,2
2CRSI.FR,09-11-2021,15,5.04,3
XFAB.FR,09-11-2021,15,9.55565789473684,76
VAC.FR,09-11-2021,15,9.165,2
RIN.FR,09-11-2021,15,57.849999999999994,6
KORI.FR,09-11-2021,15,28.314848484848444,66
OVH.FR,09-11-2021,15,20.55125,120
OREGE.FR,09-11-2021,15,1.17,5
VTR.FR,09-11-2021,15,35.666666666666664,6
LOCAL.FR,09-11-2021,15,1.2899200000000002,25
RNL.FR,09-11-2021,15,426.1875,4
ALMDG.FR,09-11-2021,15,38.07727272727273,11
SCR.FR,09-11-2021,15,28.05300970873784,206
STLA.FR,09-11-2021,15,17.580574821852718,421
ML.FR,09-11-2021,15,135.776427061311,473
HEXA.FR,09-11-2021,15,42.5,1
JCQ.FR,09-11-2021,15,22.350000000000005,30
TBGBS.FR,09-11-2021,15,0.025,5
MCPHY.FR,09-11-2021,15,22.773333333333333,60
TSL2.FR,09-11-2021,15,744.3095,3
OLG.FR,09-11-2021,15,2.19,1
PUB.FR,09-11-2021,15,57.510943396226274,424
LAT.FR,09-11-2021,15,0.518,1
FGA.FR,09-11-2021,15,5.7690909090909095,11
SDG.FR,09-11-2021,15,40.675,2
GFC.FR,09-11-2021,15,123.12631578947365,114
EOS.FR,09-11-2021,15,2.28,2
PVL.FR,09-11-2021,15,6.09,2
FORSE.FR,09-11-2021,15,6.767313432835817,67
GENX.FR,09-11-2021,15,8.913333333333334,3
STM.FR,09-11-2021,15,44.507160154100276,1817
FGR.FR,09-11-2021,15,91.83672333848584,647
SK.FR,09-11-2021,15,134.71428571428575,28
SLB.FR,09-11-2021,15,29.333333333333332,9
ORP.FR,09-11-2021,15,91.78281879194631,149
SWP.FR,09-11-2021,15,43.93947368421053,19
GOE.FR,09-11-2021,15,15.979999999999999,3
EL.FR,09-11-2021,15,186.0974040219376,1094
FR.FR,09-11-2021,15,27.52375000000016,424
SU.FR,09-11-2021,15,154.63075367647016,1088
NEOEN.FR,09-11-2021,15,37.557142857142836,98
LYS.FR,09-11-2021,15,1.9773333333333332,9
GET.FR,09-11-2021,15,13.865797872340417,94
RMS.FR,09-11-2021,15,1451.4576086956522,460
UFF.FR,09-11-2021,15,18.05,3
GNE.FR,09-11-2021,15,98.88307692307693,13
SAF.FR,09-11-2021,15,121.47901565995531,894
NK.FR,09-11-2021,15,37.231684210526396,190
GNFT.FR,09-11-2021,15,3.2176399999999985,50
ALECO.FR,09-11-2021,15,15.86,1
WAGA.FR,09-11-2021,15,28.032692307692322,52
VETO.FR,09-11-2021,15,148.02857142857144,7
NHOA.FR,09-11-2021,15,18.720000000000002,6
HDF.FR,09-11-2021,15,29.862499999999997,8
GLO.FR,09-11-2021,15,19.44545454545455,11
MF.FR,09-11-2021,15,116.2018587360596,269
FPN.FR,09-11-2021,15,0.04152307692307691,26
FDJ.FR,09-11-2021,15,45.42884615384612,130
HOLN.FR,09-11-2021,15,44.69785714285714,7
RI.FR,09-11-2021,15,205.80607594936578,395
MKEA.FR,09-11-2021,15,0.934,1
BVI.FR,09-11-2021,15,29.19136563876648,227
GBT.FR,09-11-2021,15,37.58636363636364,11
S30.FR,09-11-2021,15,7.449247311827948,93
KOF.FR,09-11-2021,15,35.08437500000001,16
LR.FR,09-11-2021,15,94.92302771855012,469
VIE.FR,09-11-2021,15,29.843371757925123,347
SCHP.FR,09-11-2021,15,67.58000000000001,5
MC.FR,09-11-2021,16,707.0928897917734,1969
MTU.FR,09-11-2021,16,29.849999999999998,9
FTI.FR,09-11-2021,16,6.278605363984669,261
FNAC.FR,09-11-2021,16,56.63275862068965,29
KORI.FR,09-11-2021,16,28.312682926829254,41
LOCAL.FR,09-11-2021,16,1.2807688888888886,45
NHOA.FR,09-11-2021,16,18.713333333333335,6
GID.FR,09-11-2021,16,1.202,5
GET.FR,09-11-2021,16,13.842680412371147,97
MAU.FR,09-11-2021,16,2.5879166666666666,12
LTA.FR,09-11-2021,16,24.310000000000002,3
HO.FR,09-11-2021,16,83.52834170854273,199
FDJ.FR,09-11-2021,16,45.41189473684211,95
WAVE.FR,09-11-2021,16,47.8,4
SK.FR,09-11-2021,16,134.70967741935482,31
NK.FR,09-11-2021,16,37.15394957983184,119
SWP.FR,09-11-2021,16,43.75,5
LACR.FR,09-11-2021,16,36.775000000000006,4
FORSE.FR,09-11-2021,16,6.751176470588236,17
LR.FR,09-11-2021,16,94.76764331210184,314
ML.FR,09-11-2021,16,135.677021276596,470
PVL.FR,09-11-2021,16,6.055333333333333,15
ALECO.FR,09-11-2021,16,15.86,1
VIE.FR,09-11-2021,16,29.72684104627772,497
PARP.FR,09-11-2021,16,21.0,1
OSE.FR,09-11-2021,16,8.860000000000001,7
FPN.FR,09-11-2021,16,0.04250000000000001,18
XFAB.FR,09-11-2021,16,9.488399999999999,50
LPE.FR,09-11-2021,16,93.4,1
VETO.FR,09-11-2021,16,147.8,2
STLA.FR,09-11-2021,16,17.46928313253012,332
SAVE.FR,09-11-2021,16,63.94285714285714,14
GNE.FR,09-11-2021,16,98.72,2
FGR.FR,09-11-2021,16,91.88027649769579,217
KER.FR,09-11-2021,16,682.6150442477888,1921
TBGBS.FR,09-11-2021,16,0.0258,1
GFC.FR,09-11-2021,16,122.89509803921571,51
STM.FR,09-11-2021,16,44.19122987477642,1118
FGA.FR,09-11-2021,16,5.71,2
ORAPB.FR,09-11-2021,16,1.0,1
EL.FR,09-11-2021,16,185.60381692573378,1158
NEOEN.FR,09-11-2021,16,37.30678260869564,115
GLE.FR,09-11-2021,16,29.581275546159294,1419
MCPHY.FR,09-11-2021,16,22.59529411764706,34
SAF.FR,09-11-2021,16,120.97128309572349,982
TEP.FR,09-11-2021,16,357.94127310061634,487
GLO.FR,09-11-2021,16,19.440588235294122,34
MF.FR,09-11-2021,16,115.90952380952383,63
UBI.FR,09-11-2021,16,47.0933552631579,152
SW.FR,09-11-2021,16,84.2765185185185,270
OVH.FR,09-11-2021,16,20.45116714697402,347
SU.FR,09-11-2021,16,154.220834001604,1247
LAT.FR,09-11-2021,16,0.5138,10
ORP.FR,09-11-2021,16,91.7889230769231,130
LYS.FR,09-11-2021,16,1.9692500000000004,16
GOE.FR,09-11-2021,16,15.970000000000002,4
SLB.FR,09-11-2021,16,28.942857142857147,7
HDF.FR,09-11-2021,16,29.9,2
THEP.FR,09-11-2021,16,100.41290322580646,31
DBG.FR,09-11-2021,16,10.260899999999998,100
HOLN.FR,09-11-2021,16,44.63166666666667,6
JCQ.FR,09-11-2021,16,22.168181818181814,22
WAGA.FR,09-11-2021,16,27.993258426966293,89
MEDCL.FR,09-11-2021,16,9.34,6
GNFT.FR,09-11-2021,16,3.229210526315789,38
SDG.FR,09-11-2021,16,40.766666666666666,6
SCHP.FR,09-11-2021,16,67.12727272727274,22
S30.FR,09-11-2021,16,7.423279569892478,93
2CRSI.FR,09-11-2021,16,5.0,4
MKEA.FR,09-11-2021,16,0.9312499999999999,8
RIN.FR,09-11-2021,16,57.959999999999994,10
PUB.FR,09-11-2021,16,57.45440922190184,347
KOF.FR,09-11-2021,16,35.120000000000005,10
LSS.FR,09-11-2021,16,38.07105263157896,38
FII.FR,09-11-2021,16,25.346428571428568,14
FR.FR,09-11-2021,16,27.687746062992115,1016
RXL.FR,09-11-2021,16,17.705839895013067,381
RI.FR,09-11-2021,16,205.87113564668746,634
RMS.FR,09-11-2021,16,1441.1828231292518,588
BN.FR,09-11-2021,16,57.37941871921183,1015
SCR.FR,09-11-2021,16,27.99999999999997,193
BVI.FR,09-11-2021,16,29.166315789473686,133
SW.FR,09-11-2021,16,84.38582677165343,127
FGR.FR,09-11-2021,16,91.93823321554765,283
HO.FR,09-11-2021,16,83.67250814332249,307
ORP.FR,09-11-2021,16,91.54044444444457,135
TEP.FR,09-11-2021,16,358.82543103448427,464
RXL.FR,09-11-2021,16,17.7277678571428,224
HEXA.FR,09-11-2021,16,42.6,2
SK.FR,09-11-2021,16,134.77368421052628,19
KOF.FR,09-11-2021,16,35.13333333333333,18
ALMDG.FR,09-11-2021,16,37.98409090909092,22
GLO.FR,09-11-2021,16,19.526666666666667,3
FR.FR,09-11-2021,16,27.742333333333242,450
LR.FR,09-11-2021,16,94.87613382899634,269
FPN.FR,09-11-2021,16,0.043224999999999986,16
LAT.FR,09-11-2021,16,0.5186666666666667,3
MONC.FR,09-11-2021,16,7800.0,1
GDS.FR,09-11-2021,16,22.6,2
LOCAL.FR,09-11-2021,16,1.280082352941177,17
FNAC.FR,09-11-2021,16,56.91206896551726,29
EL.FR,09-11-2021,16,185.45224926971744,1027
MCPHY.FR,09-11-2021,16,22.71276595744681,47
LACR.FR,09-11-2021,16,37.154545454545456,11
VAC.FR,09-11-2021,16,9.15857142857143,7
DPAM.FR,09-11-2021,16,470.0,2
HDF.FR,09-11-2021,16,29.874999999999996,4
FLO.FR,09-11-2021,16,16.5,1
STLA.FR,09-11-2021,16,17.478419243986263,291
BVI.FR,09-11-2021,16,29.193272727272717,110
PVL.FR,09-11-2021,16,6.112500000000001,4
OLG.FR,09-11-2021,16,2.1879999999999997,5
NEOEN.FR,09-11-2021,16,37.33380952380956,84
FPG.FR,09-11-2021,16,0.572,1
2CRSI.FR,09-11-2021,16,4.95,2
VIE.FR,09-11-2021,16,29.68927835051545,291
GNE.FR,09-11-2021,16,99.299,10
SAF.FR,09-11-2021,16,121.28335260115588,692
NK.FR,09-11-2021,16,37.281772151898785,79
TBGBS.FR,09-11-2021,16,0.02476666666666667,3
HOLN.FR,09-11-2021,16,44.753,5
ORIA.FR,09-11-2021,16,182.0,1
LYS.FR,09-11-2021,16,1.9316410256410257,39
SDG.FR,09-11-2021,16,40.6125,4
WAVE.FR,09-11-2021,16,47.8,5
ODET.FR,09-11-2021,16,1335.0,1
ALECO.FR,09-11-2021,16,15.8,1
GEA.FR,09-11-2021,16,101.0,3
MEDCL.FR,09-11-2021,16,9.299999999999999,7
MTU.FR,09-11-2021,16,29.725,2
MC.FR,09-11-2021,16,708.0218987341804,1580
FDJ.FR,09-11-2021,16,45.41852941176472,68
PARP.FR,09-11-2021,16,20.7,1
HOP.FR,09-11-2021,16,9.24,1
GFC.FR,09-11-2021,16,122.95759493670883,79
OSE.FR,09-11-2021,16,8.881538461538462,13
ML.FR,09-11-2021,16,135.8145833333334,384
DBG.FR,09-11-2021,16,10.246216216216222,37
GOE.FR,09-11-2021,16,15.990000000000002,22
FORSE.FR,09-11-2021,16,6.7553846153846155,26
GET.FR,09-11-2021,16,13.834606741573056,89
JCQ.FR,09-11-2021,16,22.14375,8
STM.FR,09-11-2021,16,44.23113354037251,966
SCR.FR,09-11-2021,16,27.968009478672947,211
RI.FR,09-11-2021,16,205.52875536480633,233
FTI.FR,09-11-2021,16,6.2828837209302355,129
FII.FR,09-11-2021,16,25.38181818181818,11
GNFT.FR,09-11-2021,16,3.2204999999999995,12
S30.FR,09-11-2021,16,7.417703703703691,135
WAGA.FR,09-11-2021,16,27.932352941176465,34
KORI.FR,09-11-2021,16,28.270461538461532,65
UBI.FR,09-11-2021,16,47.10639534883723,172
SLB.FR,09-11-2021,16,28.899999999999995,6
ORAP.FR,09-11-2021,16,5.9399999999999995,2
SWP.FR,09-11-2021,16,43.849999999999994,8
LSS.FR,09-11-2021,16,38.19642857142856,14
MAU.FR,09-11-2021,16,2.5900000000000003,4
MF.FR,09-11-2021,16,116.03030303030305,33
SCHP.FR,09-11-2021,16,67.11999999999999,5
RIN.FR,09-11-2021,16,58.161538461538456,13
UFF.FR,09-11-2021,16,18.066666666666666,3
GID.FR,09-11-2021,16,1.195,1
XFAB.FR,09-11-2021,16,9.512499999999998,36
VETO.FR,09-11-2021,16,147.95999999999998,5
SAVE.FR,09-11-2021,16,64.2,3
FINM.FR,09-11-2021,16,0.208,2
GLE.FR,09-11-2021,16,29.65903740875932,1096
OVH.FR,09-11-2021,16,20.361901840490805,163
SU.FR,09-11-2021,16,154.489808173477,1199
BN.FR,09-11-2021,16,57.47898334794014,1141
RMS.FR,09-11-2021,16,1444.5487804878048,410
KER.FR,09-11-2021,16,684.256917411887,1901
PUB.FR,09-11-2021,16,57.449227373067934,453
KER.FR,09-11-2021,17,683.0015740740781,2160
STLA.FR,09-11-2021,17,17.467461728395033,405
SAF.FR,09-11-2021,17,121.0215709969787,662
WAGA.FR,09-11-2021,17,27.915789473684203,19
GDS.FR,09-11-2021,17,22.6,2
BUR.FR,09-11-2021,17,659.0,8
LTA.FR,09-11-2021,17,24.31,1
MTU.FR,09-11-2021,17,29.766666666666666,6
RE.FR,09-11-2021,17,134.0,2
GENX.FR,09-11-2021,17,8.9,5
GID.FR,09-11-2021,17,1.195,1
LAT.FR,09-11-2021,17,0.519,2
FII.FR,09-11-2021,17,25.25,4
SDG.FR,09-11-2021,17,40.74285714285714,7
MKEA.FR,09-11-2021,17,0.93,1
FPG.FR,09-11-2021,17,0.576,1
FB3.FR,09-11-2021,17,30.36,1
WAVE.FR,09-11-2021,17,47.86666666666667,6
VETO.FR,09-11-2021,17,148.3,2
SLB.FR,09-11-2021,17,28.983333333333334,3
ORAPB.FR,09-11-2021,17,1.0,2
VAC.FR,09-11-2021,17,9.175,2
JBOG.FR,09-11-2021,17,12.350000000000001,6
SAVE.FR,09-11-2021,17,64.06666666666666,3
HEXA.FR,09-11-2021,17,42.49999999999999,8
RIN.FR,09-11-2021,17,58.31818181818183,11
MF.FR,09-11-2021,17,115.89827586206891,116
ALECO.FR,09-11-2021,17,15.83,2
LSS.FR,09-11-2021,17,38.20294117647059,17
MAU.FR,09-11-2021,17,2.5971875000000004,16
MEDCL.FR,09-11-2021,17,9.346923076923078,13
ALMDG.FR,09-11-2021,17,38.17187500000001,16
OLG.FR,09-11-2021,17,2.18,3
HDF.FR,09-11-2021,17,29.85,2
SK.FR,09-11-2021,17,134.73928571428573,28
NK.FR,09-11-2021,17,37.297200000000075,100
LOCAL.FR,09-11-2021,17,1.278114285714286,35
GLO.FR,09-11-2021,17,19.475,4
THEP.FR,09-11-2021,17,100.88571428571429,7
NHOA.FR,09-11-2021,17,18.434117647058823,34
PARP.FR,09-11-2021,17,21.0,1
GNE.FR,09-11-2021,17,98.40166666666666,6
GNFT.FR,09-11-2021,17,3.1958723404255336,47
LPE.FR,09-11-2021,17,93.4,4
KORI.FR,09-11-2021,17,28.26615384615385,78
GBT.FR,09-11-2021,17,37.56818181818183,11
FORSE.FR,09-11-2021,17,6.75095238095238,63
RI.FR,09-11-2021,17,205.36975717439364,453
FNAC.FR,09-11-2021,17,57.075,42
JCQ.FR,09-11-2021,17,22.15833333333333,12
KOF.FR,09-11-2021,17,35.089705882352945,34
DBG.FR,09-11-2021,17,10.225376344086035,93
NEOEN.FR,09-11-2021,17,37.33809523809524,63
GFC.FR,09-11-2021,17,122.8481012658229,79
LACR.FR,09-11-2021,17,37.57142857142857,7
HOLN.FR,09-11-2021,17,44.70694444444444,18
MCPHY.FR,09-11-2021,17,22.867154471544755,123
GOE.FR,09-11-2021,17,15.998823529411766,17
OREGE.FR,09-11-2021,17,1.17,3
FGR.FR,09-11-2021,17,92.01355481727569,301
GLE.FR,09-11-2021,17,29.589175824175904,1911
ORP.FR,09-11-2021,17,91.42461538461528,143
SU.FR,09-11-2021,17,153.89666924864383,1291
HO.FR,09-11-2021,17,83.65244444444467,270
FR.FR,09-11-2021,17,27.709941747572806,515
PUB.FR,09-11-2021,17,57.47047619047585,546
SWP.FR,09-11-2021,17,43.803333333333335,15
PVL.FR,09-11-2021,17,6.13,2
BNBA.FR,09-11-2021,17,41.48,1
S30.FR,09-11-2021,17,7.413991596638642,119
VIE.FR,09-11-2021,17,29.663050847457686,472
FTI.FR,09-11-2021,17,6.301395348837206,129
RNL.FR,09-11-2021,17,425.35,2
OVH.FR,09-11-2021,17,20.2389678899082,218
LYS.FR,09-11-2021,17,1.9335294117647057,17
FDJ.FR,09-11-2021,17,45.42207920792076,101
XFAB.FR,09-11-2021,17,9.521782178217808,101
MC.FR,09-11-2021,17,706.4169952051143,1877
LR.FR,09-11-2021,17,94.68696969696947,330
ML.FR,09-11-2021,17,135.53057644110294,399
BVI.FR,09-11-2021,17,29.175841121495267,214
UBI.FR,09-11-2021,17,47.147219512195115,205
GET.FR,09-11-2021,17,13.829210526315798,114
2CRSI.FR,09-11-2021,17,4.993,5
ODET.FR,09-11-2021,17,1331.6666666666667,3
RMS.FR,09-11-2021,17,1442.6689944134077,716
RXL.FR,09-11-2021,17,17.711537267080743,322
SCR.FR,09-11-2021,17,27.972427184465978,206
FPN.FR,09-11-2021,17,0.042870588235294126,17
TEP.FR,09-11-2021,17,359.0431818181832,616
EL.FR,09-11-2021,17,185.14680359435184,779
SW.FR,09-11-2021,17,84.10524714828898,263
STM.FR,09-11-2021,17,44.275072522159725,1241
SCHP.FR,09-11-2021,17,66.925,16
OSE.FR,09-11-2021,17,8.871627906976745,43
BN.FR,09-11-2021,17,57.372639885221915,1394
FDJ.FR,09-11-2021,17,45.36999999999991,146
EL.FR,09-11-2021,17,184.63999999999953,384
MTU.FR,09-11-2021,17,30.100000000000016,31
ML.FR,09-11-2021,17,135.40000000000066,268
FORSE.FR,09-11-2021,17,6.75,15
RI.FR,09-11-2021,17,205.30000000000092,274
SWP.FR,09-11-2021,17,43.6,27
SCR.FR,09-11-2021,17,28.0,213
FII.FR,09-11-2021,17,25.200000000000014,36
GNE.FR,09-11-2021,17,95.01,4
RIN.FR,09-11-2021,17,58.20000000000003,30
HEXA.FR,09-11-2021,17,42.4,7
LAT.FR,09-11-2021,17,0.523,7
MKEA.FR,09-11-2021,17,0.925,4
RMS.FR,09-11-2021,17,1440.5,247
DBG.FR,09-11-2021,17,10.210000000000012,88
VAC.FR,09-11-2021,17,9.22,3
GBT.FR,09-11-2021,17,37.800000000000004,14
THEP.FR,09-11-2021,17,100.40000000000003,18
GLO.FR,09-11-2021,17,19.519999999999996,20
GDS.FR,09-11-2021,17,22.8,1
SAF.FR,09-11-2021,17,120.61999999999995,300
LTA.FR,09-11-2021,17,24.3,1
TBGBS.FR,09-11-2021,17,0.026,1
OSE.FR,09-11-2021,17,8.840000000000002,15
FR.FR,09-11-2021,17,27.61999999999991,239
MCPHY.FR,09-11-2021,17,22.940000000000037,84
MC.FR,09-11-2021,17,707.2999999999943,437
MAU.FR,09-11-2021,17,2.5949999999999993,45
LOUP.FR,09-11-2021,17,97.4,4
RXL.FR,09-11-2021,17,17.61000000000002,186
HO.FR,09-11-2021,17,83.60000000000007,221
FLY.FR,09-11-2021,17,77.2,3
SCHP.FR,09-11-2021,17,67.0,22
KOF.FR,09-11-2021,17,35.09999999999995,75
LOCAL.FR,09-11-2021,17,1.2763999999999998,20
FPN.FR,09-11-2021,17,0.0414,1
JCQ.FR,09-11-2021,17,22.199999999999992,22
UBI.FR,09-11-2021,17,47.0,270
MF.FR,09-11-2021,17,115.60000000000024,129
WAVE.FR,09-11-2021,17,47.899999999999984,20
VIE.FR,09-11-2021,17,29.57999999999994,276
PVL.FR,09-11-2021,17,6.18,3
LR.FR,09-11-2021,17,94.54000000000056,254
FTI.FR,09-11-2021,17,6.309999999999985,113
SLB.FR,09-11-2021,17,29.15,4
LYS.FR,09-11-2021,17,1.942,4
STLA.FR,09-11-2021,17,17.445999999999962,128
JBOG.FR,09-11-2021,17,12.4,3
OVH.FR,09-11-2021,17,20.255,43
FNAC.FR,09-11-2021,17,57.0,89
BVI.FR,09-11-2021,17,29.100000000000097,226
SK.FR,09-11-2021,17,134.79999999999956,180
GLE.FR,09-11-2021,17,29.51499999999998,360
WAGA.FR,09-11-2021,17,28.0,21
GNFT.FR,09-11-2021,17,3.1999999999999997,10
LSS.FR,09-11-2021,17,38.299999999999976,30
XFAB.FR,09-11-2021,17,9.559999999999983,80
GID.FR,09-11-2021,17,1.225,3
GOE.FR,09-11-2021,17,16.020000000000003,10
FGR.FR,09-11-2021,17,92.15999999999988,216
OREGE.FR,09-11-2021,17,1.17,3
KER.FR,09-11-2021,17,681.9000000000011,475
KORI.FR,09-11-2021,17,28.219999999999935,118
VETO.FR,09-11-2021,17,149.0,17
HOLN.FR,09-11-2021,17,44.635,25
PUB.FR,09-11-2021,17,57.54000000000036,254
STM.FR,09-11-2021,17,44.270000000000266,248
SDG.FR,09-11-2021,17,40.85,6
TEP.FR,09-11-2021,17,357.59999999999974,206
MEDCL.FR,09-11-2021,17,9.379999999999999,10
GET.FR,09-11-2021,17,13.835000000000026,184
SW.FR,09-11-2021,17,83.8199999999998,207
HDF.FR,09-11-2021,17,29.85,4
NEOEN.FR,09-11-2021,17,37.18000000000001,142
NK.FR,09-11-2021,17,37.23999999999994,80
BN.FR,09-11-2021,17,57.25999999999979,369
SAVE.FR,09-11-2021,17,64.20000000000002,13
SU.FR,09-11-2021,17,154.2799999999992,433
GFC.FR,09-11-2021,17,122.60000000000014,144
S30.FR,09-11-2021,17,7.404999999999991,52
ALMDG.FR,09-11-2021,17,38.04999999999999,18
UFF.FR,09-11-2021,17,18.0,1
ODET.FR,09-11-2021,17,1340.0,9
ORP.FR,09-11-2021,17,91.21999999999987,203
FLY.FR,10-11-2021,09,77.0,8
SAF.FR,10-11-2021,09,120.99639908256935,872
GNRO.FR,10-11-2021,09,3.92,2
RXL.FR,10-11-2021,09,17.60163690476191,168
SDG.FR,10-11-2021,09,41.05256410256412,39
XFAB.FR,10-11-2021,09,9.450753424657545,146
ALMDG.FR,10-11-2021,09,38.050000000000004,11
MF.FR,10-11-2021,09,114.89470198675495,151
HDF.FR,10-11-2021,09,29.84545454545455,11
LOCAL.FR,10-11-2021,09,1.2817818181818184,33
DBG.FR,10-11-2021,09,10.1865811965812,117
FTI.FR,10-11-2021,09,6.430669421487611,242
SCHP.FR,10-11-2021,09,66.88148148148147,27
MTU.FR,10-11-2021,09,30.03437499999999,16
GAM.FR,10-11-2021,09,102.0,4
EL.FR,10-11-2021,09,183.75829629629652,810
FII.FR,10-11-2021,09,25.19117647058824,17
THEP.FR,10-11-2021,09,100.26666666666668,15
KER.FR,10-11-2021,09,682.0523326572,986
PAR.FR,10-11-2021,09,55.0,1
FR.FR,10-11-2021,09,27.651293706293707,286
LAT.FR,10-11-2021,09,0.5228947368421052,19
BUR.FR,10-11-2021,09,658.0,1
MKEA.FR,10-11-2021,09,0.9252,5
SCR.FR,10-11-2021,09,27.86500000000001,306
SAVE.FR,10-11-2021,09,64.27142857142857,14
FGR.FR,10-11-2021,09,92.21562326869844,361
VETO.FR,10-11-2021,09,148.05,12
RI.FR,10-11-2021,09,204.56421052631583,475
LACR.FR,10-11-2021,09,38.16521739130435,23
GET.FR,10-11-2021,09,13.76597560975611,287
OLG.FR,10-11-2021,09,2.1946153846153846,13
FGA.FR,10-11-2021,09,5.6866666666666665,6
HOLN.FR,10-11-2021,09,44.66710000000001,50
BN.FR,10-11-2021,09,57.40838403041818,526
PUB.FR,10-11-2021,09,57.784799999999905,325
FLO.FR,10-11-2021,09,16.0,1
FNAC.FR,10-11-2021,09,56.904166666666654,60
FDJ.FR,10-11-2021,09,45.025096952908555,361
SX.FR,10-11-2021,09,4.89,1
FPN.FR,10-11-2021,09,0.04090769230769231,26
ALECO.FR,10-11-2021,09,15.723157894736843,19
UBI.FR,10-11-2021,09,47.05901162790699,172
HO.FR,10-11-2021,09,83.85654135338334,266
SLB.FR,10-11-2021,09,29.224999999999998,6
GDS.FR,10-11-2021,09,22.4,1
NLFBS.FR,10-11-2021,09,0.016,7
NHOA.FR,10-11-2021,09,16.483125,32
GEA.FR,10-11-2021,09,101.0,1
MAU.FR,10-11-2021,09,2.6370769230769215,65
VAC.FR,10-11-2021,09,9.225999999999999,5
RE.FR,10-11-2021,09,134.0,4
PARP.FR,10-11-2021,09,20.9,2
WAGA.FR,10-11-2021,09,27.961290322580652,31
UFF.FR,10-11-2021,09,18.19545454545454,11
SWP.FR,10-11-2021,09,43.60833333333332,18
JBOG.FR,10-11-2021,09,12.316666666666668,3
OREGE.FR,10-11-2021,09,1.17,6
EOS.FR,10-11-2021,09,2.29,1
HOP.FR,10-11-2021,09,9.165,8
GBT.FR,10-11-2021,09,37.916666666666664,3
HEXA.FR,10-11-2021,09,42.733333333333334,15
GNFT.FR,10-11-2021,09,3.189870967741936,31
LPE.FR,10-11-2021,09,93.85,4
ORAP.FR,10-11-2021,09,5.93,7
PVL.FR,10-11-2021,09,6.195384615384615,13
GOE.FR,10-11-2021,09,15.956153846153844,26
VIE.FR,10-11-2021,09,29.605422343324204,367
FPG.FR,10-11-2021,09,0.572,1
TBGBS.FR,10-11-2021,09,0.023760000000000003,15
NK.FR,10-11-2021,09,37.334141414141435,99
LSS.FR,10-11-2021,09,38.219230769230776,26
MC.FR,10-11-2021,09,702.5365555555544,1800
RMS.FR,10-11-2021,09,1433.1981366459627,805
FORSE.FR,10-11-2021,09,6.75125,32
ORP.FR,10-11-2021,09,90.96756554307113,267
GNE.FR,10-11-2021,09,96.76181818181819,11
STM.FR,10-11-2021,09,44.51263799743254,779
GLE.FR,10-11-2021,09,29.72017445917665,1433
LR.FR,10-11-2021,09,94.37066666666676,375
TEP.FR,10-11-2021,09,357.21743589743596,585
WAVE.FR,10-11-2021,09,48.08333333333334,18
OVH.FR,10-11-2021,09,20.305692307692354,195
LYS.FR,10-11-2021,09,1.924833333333333,12
LOUP.FR,10-11-2021,09,97.59999999999998,3
GFC.FR,10-11-2021,09,122.83453608247426,97
KOF.FR,10-11-2021,09,35.266101694915285,59
MCPHY.FR,10-11-2021,09,22.659133574007182,277
SU.FR,10-11-2021,09,153.4552620087334,916
S30.FR,10-11-2021,09,7.383656126482194,253
JCQ.FR,10-11-2021,09,22.291509433962265,53
GENX.FR,10-11-2021,09,8.9,5
BVI.FR,10-11-2021,09,29.016216216216133,333
OSE.FR,10-11-2021,09,8.850344827586206,58
GPE.FR,10-11-2021,09,29.8,4
KORI.FR,10-11-2021,09,27.978879999999975,500
STLA.FR,10-11-2021,09,17.535785185185173,270
NEOEN.FR,10-11-2021,09,35.47214285714292,1568
ML.FR,10-11-2021,09,135.21739130434756,368
GLO.FR,10-11-2021,09,19.581395348837205,43
SK.FR,10-11-2021,09,135.1340425531916,94
VTR.FR,10-11-2021,09,35.6,1
LTA.FR,10-11-2021,09,24.281,5
2CRSI.FR,10-11-2021,09,4.892200000000002,50
RIN.FR,10-11-2021,09,58.252380952380975,42
MEDCL.FR,10-11-2021,09,9.420877192982452,57
ODET.FR,10-11-2021,09,1331.0416666666667,24
SW.FR,10-11-2021,09,83.77072580645171,248
EL.FR,10-11-2021,09,182.11555027711748,1263
RMS.FR,10-11-2021,09,1422.6032977691561,1031
PUB.FR,10-11-2021,09,58.06253012048207,332
BVI.FR,10-11-2021,09,28.76128404669257,257
SWP.FR,10-11-2021,09,43.67692307692308,13
ALECO.FR,10-11-2021,09,15.78,2
VETO.FR,10-11-2021,09,147.70000000000002,6
RXL.FR,10-11-2021,09,17.612199999999994,50
KORI.FR,10-11-2021,09,27.986610169491552,118
GBT.FR,10-11-2021,09,37.50000000000001,12
RIN.FR,10-11-2021,09,58.291304347826106,23
FGR.FR,10-11-2021,09,92.19303797468362,158
FR.FR,10-11-2021,09,27.548432203389837,236
GLO.FR,10-11-2021,09,19.424,5
OREGE.FR,10-11-2021,09,1.1679999999999997,7
SCR.FR,10-11-2021,09,27.994224137931013,116
SDG.FR,10-11-2021,09,40.85,14
GOE.FR,10-11-2021,09,15.991999999999999,5
OVH.FR,10-11-2021,09,20.341790123456775,81
STLA.FR,10-11-2021,09,17.58096703296703,182
LR.FR,10-11-2021,09,94.01073684210535,570
LOUP.FR,10-11-2021,09,97.4,1
KOF.FR,10-11-2021,09,35.333333333333336,9
SK.FR,10-11-2021,09,135.5159999999999,75
SAVE.FR,10-11-2021,09,64.4,1
LAT.FR,10-11-2021,09,0.5231818181818182,11
SAF.FR,10-11-2021,09,120.8544413407823,716
BN.FR,10-11-2021,09,57.32691792294796,597
SCHP.FR,10-11-2021,09,66.01250000000005,40
HOLN.FR,10-11-2021,09,44.75875,4
HO.FR,10-11-2021,09,83.81043902439016,205
LOCAL.FR,10-11-2021,09,1.2880800000000001,5
HEXA.FR,10-11-2021,09,43.050000000000004,12
SU.FR,10-11-2021,09,153.70534303534322,962
GFC.FR,10-11-2021,09,122.57604166666664,48
ML.FR,10-11-2021,09,134.9534166666664,600
GET.FR,10-11-2021,09,13.812910447761197,134
FPN.FR,10-11-2021,09,0.04056666666666667,6
WAVE.FR,10-11-2021,09,48.1,1
FDJ.FR,10-11-2021,09,44.66206666666666,150
FGA.FR,10-11-2021,09,5.69,1
JBOG.FR,10-11-2021,09,12.377777777777778,9
MTU.FR,10-11-2021,09,29.78333333333333,6
GAM.FR,10-11-2021,09,101.5,4
GNRO.FR,10-11-2021,09,3.86,3
VAC.FR,10-11-2021,09,9.15,3
PARP.FR,10-11-2021,09,20.8,1
LPE.FR,10-11-2021,09,94.30000000000001,2
GPE.FR,10-11-2021,09,30.160000000000004,5
THEP.FR,10-11-2021,09,100.30000000000001,2
UFF.FR,10-11-2021,09,18.125,2
GLE.FR,10-11-2021,09,29.69568426724132,928
TEP.FR,10-11-2021,09,358.11674311926606,436
GENX.FR,10-11-2021,09,8.9,1
LACR.FR,10-11-2021,09,38.5,1
MC.FR,10-11-2021,09,696.612083333335,3120
KER.FR,10-11-2021,09,672.6032479700187,1601
S30.FR,10-11-2021,09,7.385974576271183,118
STM.FR,10-11-2021,09,44.714771468144065,722
MKEA.FR,10-11-2021,09,0.9236666666666665,9
GEA.FR,10-11-2021,09,100.66666666666667,3
MEDCL.FR,10-11-2021,09,9.44,4
OLG.FR,10-11-2021,09,2.1766666666666663,3
UBI.FR,10-11-2021,09,47.1083636363636,110
MF.FR,10-11-2021,09,113.83898305084739,59
WAGA.FR,10-11-2021,09,27.65294117647059,17
FTI.FR,10-11-2021,09,6.4234105263157915,95
DBG.FR,10-11-2021,09,10.140222222222219,45
OSE.FR,10-11-2021,09,8.7675,16
XFAB.FR,10-11-2021,09,9.437872340425534,47
PVL.FR,10-11-2021,09,6.18,1
HDF.FR,10-11-2021,09,29.77,5
RI.FR,10-11-2021,09,204.19553072625712,358
RE.FR,10-11-2021,09,134.0,2
ODET.FR,10-11-2021,09,1334.5454545454545,11
LSS.FR,10-11-2021,09,37.99767441860467,43
NHOA.FR,10-11-2021,09,15.727058823529413,17
PUBBS.FR,10-11-2021,09,34.0,3
FII.FR,10-11-2021,09,25.080434782608698,23
FORSE.FR,10-11-2021,09,6.792499999999999,8
TBGBS.FR,10-11-2021,09,0.0232,1
ALMDG.FR,10-11-2021,09,37.87499999999999,10
LYS.FR,10-11-2021,09,1.9244999999999997,8
SW.FR,10-11-2021,09,83.84298412698398,315
FNAC.FR,10-11-2021,09,56.75192307692309,26
MAU.FR,10-11-2021,09,2.643333333333333,9
VIE.FR,10-11-2021,09,29.718943661971853,284
NEOEN.FR,10-11-2021,09,35.880084388185644,237
MCPHY.FR,10-11-2021,09,22.30116279069766,86
SLB.FR,10-11-2021,09,29.3,1
GNFT.FR,10-11-2021,09,3.171241379310345,29
NK.FR,10-11-2021,09,37.455652173913045,23
2CRSI.FR,10-11-2021,09,4.859210526315789,19
ORP.FR,10-11-2021,09,90.55946153846156,260
ORP.FR,10-11-2021,10,90.56190045248876,221
RMS.FR,10-11-2021,10,1421.201134930643,793
FR.FR,10-11-2021,10,27.33904000000004,250
STLA.FR,10-11-2021,10,17.565686746987943,166
S30.FR,10-11-2021,10,7.401444444444438,90
OVH.FR,10-11-2021,10,20.420000000000005,30
GNRO.FR,10-11-2021,10,3.8374999999999995,4
FGA.FR,10-11-2021,10,5.6975,4
GET.FR,10-11-2021,10,13.821467889908279,109
NHOA.FR,10-11-2021,10,15.553600000000001,25
FNAC.FR,10-11-2021,10,56.46186440677964,59
ODET.FR,10-11-2021,10,1336.875,8
RXL.FR,10-11-2021,10,17.575454545454534,44
FORSE.FR,10-11-2021,10,6.7835714285714275,14
TBGBS.FR,10-11-2021,10,0.02365,2
MCPHY.FR,10-11-2021,10,22.52506024096386,83
MTU.FR,10-11-2021,10,29.737499999999997,8
OREGE.FR,10-11-2021,10,1.17,1
WAGA.FR,10-11-2021,10,27.287719298245623,57
GLE.FR,10-11-2021,10,29.47790882061457,1009
JCQ.FR,10-11-2021,10,22.401562500000004,32
GNFT.FR,10-11-2021,10,3.1627272727272735,11
KOF.FR,10-11-2021,10,35.22222222222222,9
TEP.FR,10-11-2021,10,357.55505050505064,396
SDG.FR,10-11-2021,10,40.96666666666667,3
SWP.FR,10-11-2021,10,43.38928571428572,14
STM.FR,10-11-2021,10,44.317540834845666,1653
SAF.FR,10-11-2021,10,120.61256166982916,527
SLB.FR,10-11-2021,10,29.15,1
ORAP.FR,10-11-2021,10,5.93,3
LOUP.FR,10-11-2021,10,97.4,2
WAVE.FR,10-11-2021,10,47.89999999999999,8
SAVE.FR,10-11-2021,10,64.30000000000001,2
VAC.FR,10-11-2021,10,9.1,2
LTA.FR,10-11-2021,10,24.205,1
UFF.FR,10-11-2021,10,18.02,5
GENX.FR,10-11-2021,10,8.9,1
JBOG.FR,10-11-2021,10,12.375,2
LOCAL.FR,10-11-2021,10,1.295,1
GNE.FR,10-11-2021,10,97.48,2
OLG.FR,10-11-2021,10,2.1950000000000003,2
LYS.FR,10-11-2021,10,1.9408,5
NEOEN.FR,10-11-2021,10,35.646950354609906,141
PARP.FR,10-11-2021,10,20.9,1
LSS.FR,10-11-2021,10,37.786206896551725,29
KORI.FR,10-11-2021,10,28.042857142857134,35
FTI.FR,10-11-2021,10,6.36790566037736,106
KER.FR,10-11-2021,10,670.4650999999998,1000
VIE.FR,10-11-2021,10,29.75235059760964,251
MC.FR,10-11-2021,10,696.571668667469,1666
BN.FR,10-11-2021,10,57.372860040567964,493
MF.FR,10-11-2021,10,113.82368421052632,38
PVL.FR,10-11-2021,10,6.140000000000001,2
GAM.FR,10-11-2021,10,101.25,6
SU.FR,10-11-2021,10,153.48529335071734,767
GLO.FR,10-11-2021,10,19.404,15
HOLN.FR,10-11-2021,10,44.69833333333333,3
FPN.FR,10-11-2021,10,0.04,2
MKEA.FR,10-11-2021,10,0.917,20
HEXA.FR,10-11-2021,10,43.29375000000001,16
LACR.FR,10-11-2021,10,38.557142857142864,7
OSE.FR,10-11-2021,10,8.790555555555555,18
ALMDG.FR,10-11-2021,10,38.05,2
2CRSI.FR,10-11-2021,10,4.853333333333333,9
MEDCL.FR,10-11-2021,10,9.456666666666667,3
HDF.FR,10-11-2021,10,29.75,2
LAT.FR,10-11-2021,10,0.52675,4
GBT.FR,10-11-2021,10,37.30483870967741,31
DBG.FR,10-11-2021,10,10.103454545454548,55
GOE.FR,10-11-2021,10,15.98,5
SK.FR,10-11-2021,10,136.16944444444445,36
NK.FR,10-11-2021,10,37.36829268292682,41
LR.FR,10-11-2021,10,94.0471641791046,201
SW.FR,10-11-2021,10,83.55893617021282,282
FII.FR,10-11-2021,10,24.896341463414622,41
MAU.FR,10-11-2021,10,2.641176470588236,17
RI.FR,10-11-2021,10,204.06891385767815,534
SCR.FR,10-11-2021,10,27.91955882352943,136
XFAB.FR,10-11-2021,10,9.319345794392513,107
FDJ.FR,10-11-2021,10,44.69743589743589,78
SCHP.FR,10-11-2021,10,66.26363636363638,11
UBI.FR,10-11-2021,10,47.18093333333334,75
THEP.FR,10-11-2021,10,99.7439024390243,82
RIN.FR,10-11-2021,10,58.40909090909091,11
PUB.FR,10-11-2021,10,57.99213973799125,229
EL.FR,10-11-2021,10,182.10816952209203,1109
ML.FR,10-11-2021,10,134.6235294117646,476
BVI.FR,10-11-2021,10,28.634345991561183,237
GFC.FR,10-11-2021,10,122.34125000000003,40
FGR.FR,10-11-2021,10,92.02560846560854,189
HO.FR,10-11-2021,10,83.55824175824179,182
ML.FR,10-11-2021,10,134.4497067448684,341
FNAC.FR,10-11-2021,10,56.446153846153834,13
KORI.FR,10-11-2021,10,28.00235294117647,34
SAF.FR,10-11-2021,10,120.84051724137959,580
OVH.FR,10-11-2021,10,20.439649122807012,57
MCPHY.FR,10-11-2021,10,22.36322580645161,31
WAVE.FR,10-11-2021,10,47.77857142857142,14
LOUP.FR,10-11-2021,10,97.26666666666667,3
LR.FR,10-11-2021,10,94.31956923076919,325
GNE.FR,10-11-2021,10,97.0325,4
GLO.FR,10-11-2021,10,19.416842105263157,19
FDJ.FR,10-11-2021,10,44.631818181818176,66
HO.FR,10-11-2021,10,83.54446808510643,94
VAC.FR,10-11-2021,10,9.104999999999999,6
KOF.FR,10-11-2021,10,35.30714285714286,7
RXL.FR,10-11-2021,10,17.57355555555557,45
THEP.FR,10-11-2021,10,100.96363636363635,11
LYS.FR,10-11-2021,10,1.943,10
KER.FR,10-11-2021,10,667.7510204081643,882
SW.FR,10-11-2021,10,83.81500000000004,116
VETO.FR,10-11-2021,10,147.26666666666665,18
MTU.FR,10-11-2021,10,29.94375,8
JCQ.FR,10-11-2021,10,22.331999999999997,25
MAU.FR,10-11-2021,10,2.62875,8
OSE.FR,10-11-2021,10,8.761176470588236,17
2CRSI.FR,10-11-2021,10,4.885714285714285,7
GLE.FR,10-11-2021,10,29.454678329571042,886
LSS.FR,10-11-2021,10,37.71470588235294,17
LOCAL.FR,10-11-2021,10,1.2886499999999999,4
OLG.FR,10-11-2021,10,2.1950000000000003,2
SCR.FR,10-11-2021,10,28.013071895424865,153
HEXA.FR,10-11-2021,10,43.074999999999996,4
RNL.FR,10-11-2021,10,425.1975,4
FII.FR,10-11-2021,10,24.8,1
GAM.FR,10-11-2021,10,101.0,1
HDF.FR,10-11-2021,10,29.7875,4
PVL.FR,10-11-2021,10,6.16,2
NHOA.FR,10-11-2021,10,15.402857142857147,21
BN.FR,10-11-2021,10,57.671189839571944,748
FR.FR,10-11-2021,10,27.29369426751594,157
HOLN.FR,10-11-2021,10,44.750625,8
FTI.FR,10-11-2021,10,6.36645,80
FORSE.FR,10-11-2021,10,6.766363636363636,22
FGR.FR,10-11-2021,10,92.15805555555566,144
UBI.FR,10-11-2021,10,47.187614678899074,109
PUB.FR,10-11-2021,10,57.87467105263163,304
ODET.FR,10-11-2021,10,1337.0,5
SK.FR,10-11-2021,10,136.42340425531913,47
NK.FR,10-11-2021,10,37.320000000000014,21
BVI.FR,10-11-2021,10,28.631868686868653,198
MEDCL.FR,10-11-2021,10,9.459999999999999,15
LAT.FR,10-11-2021,10,0.5311666666666667,12
LACR.FR,10-11-2021,10,38.55,2
RIN.FR,10-11-2021,10,58.62000000000002,15
GBT.FR,10-11-2021,10,37.192857142857136,7
MKEA.FR,10-11-2021,10,0.9134285714285715,7
WAGA.FR,10-11-2021,10,27.221052631578942,19
S30.FR,10-11-2021,10,7.426230769230767,65
ALMDG.FR,10-11-2021,10,37.80357142857143,14
SCHP.FR,10-11-2021,10,66.075,8
SWP.FR,10-11-2021,10,43.4,10
GFC.FR,10-11-2021,10,122.63452380952383,42
GNFT.FR,10-11-2021,10,3.152315789473684,19
SDG.FR,10-11-2021,10,40.76086956521741,23
TBGBS.FR,10-11-2021,10,0.026805555555555565,18
ORAP.FR,10-11-2021,10,5.93,2
XFAB.FR,10-11-2021,10,9.24049180327869,61
FPN.FR,10-11-2021,10,0.0408,4
SU.FR,10-11-2021,10,153.51264192139723,916
VIE.FR,10-11-2021,10,29.872375366568935,341
GOE.FR,10-11-2021,10,15.944999999999999,4
EL.FR,10-11-2021,10,182.34795640327002,734
STLA.FR,10-11-2021,10,17.555183431952667,169
RMS.FR,10-11-2021,10,1416.73851590106,566
MC.FR,10-11-2021,10,695.6634844868731,1676
STM.FR,10-11-2021,10,43.81998716852035,2338
NEOEN.FR,10-11-2021,10,35.94848000000001,125
DBG.FR,10-11-2021,10,10.090769230769231,26
ORP.FR,10-11-2021,10,90.88866310160427,187
MF.FR,10-11-2021,10,113.55172413793103,29
GET.FR,10-11-2021,10,13.798680555555539,72
RI.FR,10-11-2021,10,204.48483870967715,310
TEP.FR,10-11-2021,10,356.53054298642553,442
GLE.FR,10-11-2021,11,29.528542345276875,614
NEOEN.FR,10-11-2021,11,36.08227272727272,132
MC.FR,10-11-2021,11,694.0160158835209,1511
FDJ.FR,10-11-2021,11,44.60887323943664,71
SK.FR,10-11-2021,11,136.92653061224487,49
TBGBS.FR,10-11-2021,11,0.02989655172413795,29
PVL.FR,10-11-2021,11,6.17,1
ODET.FR,10-11-2021,11,1335.0,8
FTI.FR,10-11-2021,11,6.38970786516854,89
MTU.FR,10-11-2021,11,30.144230769230777,26
OLG.FR,10-11-2021,11,2.1966666666666668,9
ORP.FR,10-11-2021,11,91.07987261146494,157
S30.FR,10-11-2021,11,7.457432432432435,37
FPN.FR,10-11-2021,11,0.0409,6
VAC.FR,10-11-2021,11,9.1175,4
KORI.FR,10-11-2021,11,28.056428571428565,56
MAU.FR,10-11-2021,11,2.6509090909090904,22
SLB.FR,10-11-2021,11,29.15,1
EL.FR,10-11-2021,11,182.49632058287807,549
ML.FR,10-11-2021,11,134.4537461773696,654
GET.FR,10-11-2021,11,13.788723404255318,47
OSE.FR,10-11-2021,11,8.811428571428573,7
FORSE.FR,10-11-2021,11,6.758636363636364,22
OVH.FR,10-11-2021,11,20.39941860465116,43
LSS.FR,10-11-2021,11,37.53513513513515,37
PUBBS.FR,10-11-2021,11,34.0,1
SAF.FR,10-11-2021,11,120.79857471264347,435
MCPHY.FR,10-11-2021,11,22.368333333333325,36
GOE.FR,10-11-2021,11,15.931999999999999,5
LOCAL.FR,10-11-2021,11,1.2931142857142857,7
FR.FR,10-11-2021,11,27.309065934065956,182
ALMDG.FR,10-11-2021,11,37.910000000000004,5
NHOA.FR,10-11-2021,11,15.225,8
HO.FR,10-11-2021,11,83.51709090909077,220
TEP.FR,10-11-2021,11,356.25898617511405,434
LR.FR,10-11-2021,11,94.5154545454546,220
NK.FR,10-11-2021,11,37.307619047619056,21
SCHP.FR,10-11-2021,11,66.2,1
HOLN.FR,10-11-2021,11,44.855999999999995,10
RXL.FR,10-11-2021,11,17.595113636363642,44
LACR.FR,10-11-2021,11,38.7,5
GLO.FR,10-11-2021,11,19.405,4
BN.FR,10-11-2021,11,57.87079510703334,654
ALECO.FR,10-11-2021,11,15.779999999999998,5
HOP.FR,10-11-2021,11,9.12,1
RNL.FR,10-11-2021,11,428.69,3
SCR.FR,10-11-2021,11,28.109689922480577,129
LOUP.FR,10-11-2021,11,97.1,2
GDS.FR,10-11-2021,11,22.4,1
BVI.FR,10-11-2021,11,28.585400000000057,150
KOF.FR,10-11-2021,11,35.350000000000016,23
UBI.FR,10-11-2021,11,47.49926108374386,203
GNE.FR,10-11-2021,11,97.46,1
GAM.FR,10-11-2021,11,100.5,1
MKEA.FR,10-11-2021,11,0.914,2
FGR.FR,10-11-2021,11,92.51518796992484,133
SWP.FR,10-11-2021,11,43.349999999999994,4
VETO.FR,10-11-2021,11,147.81904761904767,21
XFAB.FR,10-11-2021,11,9.216166666666668,60
RI.FR,10-11-2021,11,204.56385135135147,296
KER.FR,10-11-2021,11,666.3395297575306,1361
MF.FR,10-11-2021,11,113.83448275862075,29
2CRSI.FR,10-11-2021,11,4.8839999999999995,5
JBOG.FR,10-11-2021,11,12.259374999999995,16
RMS.FR,10-11-2021,11,1414.6131907308377,561
GNRO.FR,10-11-2021,11,3.84,3
UFF.FR,10-11-2021,11,18.0,1
SW.FR,10-11-2021,11,84.02169014084512,142
JCQ.FR,10-11-2021,11,22.325000000000003,4
WAGA.FR,10-11-2021,11,27.27142857142857,7
FNAC.FR,10-11-2021,11,56.64107142857143,28
STM.FR,10-11-2021,11,43.46274120317832,1762
HDF.FR,10-11-2021,11,29.766666666666666,3
ORAP.FR,10-11-2021,11,5.96,1
STLA.FR,10-11-2021,11,17.589317073170733,205
DBG.FR,10-11-2021,11,10.146857142857138,70
VIE.FR,10-11-2021,11,29.972675324675247,385
GID.FR,10-11-2021,11,1.19375,4
LPE.FR,10-11-2021,11,93.6,2
HEXA.FR,10-11-2021,11,43.23333333333333,3
RIN.FR,10-11-2021,11,58.8304347826087,23
GFC.FR,10-11-2021,11,122.71249999999999,92
FII.FR,10-11-2021,11,24.885714285714293,14
LAT.FR,10-11-2021,11,0.53,4
SU.FR,10-11-2021,11,153.3821214868543,1103
GBT.FR,10-11-2021,11,37.2,2
MEDCL.FR,10-11-2021,11,9.45625,8
PUB.FR,10-11-2021,11,58.05630188679263,265
GNFT.FR,10-11-2021,11,3.1584,10
TEP.FR,10-11-2021,11,354.35689404934544,689
PUB.FR,10-11-2021,11,57.99802281368826,263
FR.FR,10-11-2021,11,27.39557971014489,138
FBEL.FR,10-11-2021,11,545.0,1
RXL.FR,10-11-2021,11,17.545999999999985,65
S30.FR,10-11-2021,11,7.45319148936171,47
KOF.FR,10-11-2021,11,35.36818181818182,11
MF.FR,10-11-2021,11,113.80624999999998,16
BVI.FR,10-11-2021,11,28.476934306569305,137
HEXA.FR,10-11-2021,11,43.33333333333334,9
GBT.FR,10-11-2021,11,37.33571428571429,7
BN.FR,10-11-2021,11,57.88238380809568,667
GALIM.FR,10-11-2021,11,16.8,1
LSS.FR,10-11-2021,11,37.278571428571425,14
MKEA.FR,10-11-2021,11,0.9127000000000001,10
ML.FR,10-11-2021,11,134.74091903719938,457
GLO.FR,10-11-2021,11,19.4,6
MTU.FR,10-11-2021,11,30.291666666666668,18
SU.FR,10-11-2021,11,152.80696664080713,1289
GET.FR,10-11-2021,11,13.793571428571417,63
NEOEN.FR,10-11-2021,11,35.83000000000004,98
GID.FR,10-11-2021,11,1.1586458333333332,48
WAVE.FR,10-11-2021,11,47.83333333333333,9
SCHP.FR,10-11-2021,11,66.1125,8
OSE.FR,10-11-2021,11,8.7975,8
OREGE.FR,10-11-2021,11,1.17,7
NK.FR,10-11-2021,11,37.316923076923075,26
LOCAL.FR,10-11-2021,11,1.3080255319148935,47
HOP.FR,10-11-2021,11,9.2,3
LYS.FR,10-11-2021,11,1.947,4
NHOA.FR,10-11-2021,11,15.021052631578947,19
GOE.FR,10-11-2021,11,15.92,2
PARP.FR,10-11-2021,11,20.9,1
UBI.FR,10-11-2021,11,47.305169491525454,118
STM.FR,10-11-2021,11,43.343576858108094,1184
FREY.FR,10-11-2021,11,32.8,1
DPAM.FR,10-11-2021,11,468.0,2
SLB.FR,10-11-2021,11,29.15,1
SDG.FR,10-11-2021,11,40.800000000000004,8
SAVE.FR,10-11-2021,11,64.4,1
OLG.FR,10-11-2021,11,2.1999999999999997,9
ODET.FR,10-11-2021,11,1330.0,10
GNFT.FR,10-11-2021,11,3.152857142857143,7
ALMDG.FR,10-11-2021,11,37.849999999999994,8
ALECO.FR,10-11-2021,11,15.713333333333333,3
BUR.FR,10-11-2021,11,656.0,1
RNL.FR,10-11-2021,11,430.0,2
LPE.FR,10-11-2021,11,93.4,1
FPN.FR,10-11-2021,11,0.04025,4
LAT.FR,10-11-2021,11,0.53,4
SWP.FR,10-11-2021,11,43.45000000000001,3
2CRSI.FR,10-11-2021,11,4.88,1
RI.FR,10-11-2021,11,204.24500000000015,500
FGA.FR,10-11-2021,11,5.68,1
VETO.FR,10-11-2021,11,147.5,2
MC.FR,10-11-2021,11,690.2417465388716,1878
KORI.FR,10-11-2021,11,28.174318181818215,88
RMS.FR,10-11-2021,11,1407.7904347826086,575
GLE.FR,10-11-2021,11,29.551045197740173,708
ORIA.FR,10-11-2021,11,182.0,1
KER.FR,10-11-2021,11,664.5069843878384,1217
LR.FR,10-11-2021,11,94.2133333333333,279
VIE.FR,10-11-2021,11,30.01582191780827,292
SAF.FR,10-11-2021,11,120.77130813953494,688
EL.FR,10-11-2021,11,181.80912220309793,581
DBG.FR,10-11-2021,11,10.13928571428571,28
JCQ.FR,10-11-2021,11,22.309999999999995,5
OVH.FR,10-11-2021,11,20.367368421052632,38
HDP.FR,10-11-2021,11,2.12,3
SACI.FR,10-11-2021,11,27.6,1
VAC.FR,10-11-2021,11,9.09,1
FNAC.FR,10-11-2021,11,57.183173076923026,104
HOLN.FR,10-11-2021,11,44.86166666666667,6
HDF.FR,10-11-2021,11,29.8,6
FII.FR,10-11-2021,11,24.850000000000012,33
MCPHY.FR,10-11-2021,11,22.237142857142874,56
FORSE.FR,10-11-2021,11,6.758666666666666,15
JBOG.FR,10-11-2021,11,12.287500000000001,4
SK.FR,10-11-2021,11,136.77352941176477,34
FDJ.FR,10-11-2021,11,44.35079545454552,176
TBGBS.FR,10-11-2021,11,0.03075,4
RIN.FR,10-11-2021,11,59.0,4
SCR.FR,10-11-2021,11,28.183187499999967,160
STLA.FR,10-11-2021,11,17.608427947598265,229
MAU.FR,10-11-2021,11,2.65,1
LACR.FR,10-11-2021,11,38.6,2
FINM.FR,10-11-2021,11,0.196,4
FTI.FR,10-11-2021,11,6.393895522388057,134
THEP.FR,10-11-2021,11,101.21538461538464,13
ORP.FR,10-11-2021,11,90.78802395209578,167
GFC.FR,10-11-2021,11,122.78513513513512,37
HO.FR,10-11-2021,11,83.48482758620689,116
XFAB.FR,10-11-2021,11,9.165294117647058,51
SW.FR,10-11-2021,11,83.90782608695639,161
WAGA.FR,10-11-2021,11,27.016901408450703,71
FGR.FR,10-11-2021,11,92.45009345794388,107
SW.FR,10-11-2021,12,83.94174999999993,80
ML.FR,10-11-2021,12,135.29384422110547,398
FGR.FR,10-11-2021,12,92.41803571428566,112
RMS.FR,10-11-2021,12,1406.9925925925927,540
SCR.FR,10-11-2021,12,28.158867924528316,106
XFAB.FR,10-11-2021,12,9.145652173913042,46
HOLN.FR,10-11-2021,12,44.819375,8
LAT.FR,10-11-2021,12,0.527,2
FDJ.FR,10-11-2021,12,44.31459999999996,50
OVH.FR,10-11-2021,12,20.34041666666666,48
TSL2.FR,10-11-2021,12,662.5869,1
VIE.FR,10-11-2021,12,30.086454545454536,330
BN.FR,10-11-2021,12,57.96482306684147,763
MTU.FR,10-11-2021,12,30.412499999999998,8
SCHP.FR,10-11-2021,12,66.2,1
MF.FR,10-11-2021,12,113.6868852459016,61
LACR.FR,10-11-2021,12,38.760000000000005,5
OLG.FR,10-11-2021,12,2.2,2
TEP.FR,10-11-2021,12,353.71884328358243,536
LR.FR,10-11-2021,12,94.23770833333381,288
HO.FR,10-11-2021,12,83.59000000000009,118
SLB.FR,10-11-2021,12,29.15,1
BUR.FR,10-11-2021,12,663.0,2
FGA.FR,10-11-2021,12,5.68,2
FORSE.FR,10-11-2021,12,6.76,2
ALECO.FR,10-11-2021,12,15.77,2
SAF.FR,10-11-2021,12,121.24935251798543,417
FPG.FR,10-11-2021,12,0.578,2
MKEA.FR,10-11-2021,12,0.911,1
VAC.FR,10-11-2021,12,9.11,2
MEDCL.FR,10-11-2021,12,9.552727272727273,33
LTA.FR,10-11-2021,12,24.205,1
VTR.FR,10-11-2021,12,35.4,1
OSE.FR,10-11-2021,12,8.787647058823532,17
BVI.FR,10-11-2021,12,28.497179487179487,117
STLA.FR,10-11-2021,12,17.673906542056073,214
ODET.FR,10-11-2021,12,1330.0,1
LOUP.FR,10-11-2021,12,97.4,1
SDG.FR,10-11-2021,12,40.855000000000004,10
TBGBS.FR,10-11-2021,12,0.03,2
HEXA.FR,10-11-2021,12,43.2,2
THEP.FR,10-11-2021,12,101.60000000000001,9
FR.FR,10-11-2021,12,27.435052631578927,95
RXL.FR,10-11-2021,12,17.535972222222213,72
HDF.FR,10-11-2021,12,29.85,1
RI.FR,10-11-2021,12,204.31518987341758,237
GET.FR,10-11-2021,12,13.800217391304344,46
GOE.FR,10-11-2021,12,15.952000000000002,5
NK.FR,10-11-2021,12,37.33103448275863,29
FPN.FR,10-11-2021,12,0.0415,6
RIN.FR,10-11-2021,12,58.82499999999999,12
KORI.FR,10-11-2021,12,28.268181818181823,22
NEOEN.FR,10-11-2021,12,36.522231075697235,251
SU.FR,10-11-2021,12,152.7457451923075,832
KOF.FR,10-11-2021,12,35.364705882352936,17
MCPHY.FR,10-11-2021,12,22.26170212765958,47
SK.FR,10-11-2021,12,137.19137931034484,58
GNFT.FR,10-11-2021,12,3.149,2
JCQ.FR,10-11-2021,12,22.316666666666666,3
UBI.FR,10-11-2021,12,47.2181632653061,98
GID.FR,10-11-2021,12,1.1457142857142857,7
NHOA.FR,10-11-2021,12,14.66285714285714,7
DBG.FR,10-11-2021,12,10.164285714285715,14
GNE.FR,10-11-2021,12,96.48,9
GBT.FR,10-11-2021,12,37.14,5
2CRSI.FR,10-11-2021,12,4.8855555555555545,9
WAVE.FR,10-11-2021,12,47.98235294117647,17
MAU.FR,10-11-2021,12,2.6487499999999997,4
FNAC.FR,10-11-2021,12,57.387500000000024,16
S30.FR,10-11-2021,12,7.446500000000001,70
LOCAL.FR,10-11-2021,12,1.3178787878787876,33
WAGA.FR,10-11-2021,12,26.972222222222225,18
LSS.FR,10-11-2021,12,37.23125,8
EL.FR,10-11-2021,12,181.7630791366908,695
FII.FR,10-11-2021,12,24.882692307692313,26
GFC.FR,10-11-2021,12,122.68870967741934,31
ORP.FR,10-11-2021,12,90.89259259259252,108
PUB.FR,10-11-2021,12,58.1634523809523,168
MC.FR,10-11-2021,12,690.2502325581424,1720
GLO.FR,10-11-2021,12,19.44,2
FTI.FR,10-11-2021,12,6.391779816513769,109
STM.FR,10-11-2021,12,43.28055246053863,1077
KER.FR,10-11-2021,12,663.993916349809,1052
GLE.FR,10-11-2021,12,29.625687409551347,691
FNAC.FR,10-11-2021,12,57.441071428571426,28
HO.FR,10-11-2021,12,83.55228070175433,114
TEP.FR,10-11-2021,12,353.0016326530608,490
UBI.FR,10-11-2021,12,47.059782608695684,92
ML.FR,10-11-2021,12,135.2275265957442,376
SW.FR,10-11-2021,12,83.88955555555555,90
WAGA.FR,10-11-2021,12,26.781250000000007,16
LYS.FR,10-11-2021,12,1.942,1
FDJ.FR,10-11-2021,12,44.38093023255813,43
PVL.FR,10-11-2021,12,6.173636363636363,11
FPN.FR,10-11-2021,12,0.0404,4
VAC.FR,10-11-2021,12,9.073333333333332,3
VIE.FR,10-11-2021,12,29.982327586206715,348
FORSE.FR,10-11-2021,12,6.752105263157896,19
DBG.FR,10-11-2021,12,10.136999999999999,10
SCR.FR,10-11-2021,12,28.103457943925232,107
WAVE.FR,10-11-2021,12,48.025,8
SCHP.FR,10-11-2021,12,65.92500000000001,4
FGR.FR,10-11-2021,12,92.41245614035067,228
PUB.FR,10-11-2021,12,58.11502824858757,177
LR.FR,10-11-2021,12,93.93821138211374,246
RNL.FR,10-11-2021,12,432.1125,4
VETO.FR,10-11-2021,12,147.24,5
ORP.FR,10-11-2021,12,90.84971428571436,35
LSS.FR,10-11-2021,12,37.300000000000004,3
LOUP.FR,10-11-2021,12,97.0,1
STLA.FR,10-11-2021,12,17.624305343511462,262
SK.FR,10-11-2021,12,137.32708333333332,48
MAU.FR,10-11-2021,12,2.6335483870967744,31
HDF.FR,10-11-2021,12,29.8375,4
RMS.FR,10-11-2021,12,1412.3939393939395,429
GBT.FR,10-11-2021,12,37.225,4
FGA.FR,10-11-2021,12,5.68,1
GOE.FR,10-11-2021,12,15.96,11
JCQ.FR,10-11-2021,12,22.341666666666665,12
GPE.FR,10-11-2021,12,29.380000000000006,10
OLG.FR,10-11-2021,12,2.2,2
SX.FR,10-11-2021,12,4.89,1
LAT.FR,10-11-2021,12,0.53,2
GNFT.FR,10-11-2021,12,3.1466666666666665,6
ALECO.FR,10-11-2021,12,15.78,1
MC.FR,10-11-2021,12,690.967397521448,1049
FTI.FR,10-11-2021,12,6.362030303030305,132
GLO.FR,10-11-2021,12,19.393333333333334,3
KOF.FR,10-11-2021,12,35.35,1
PAR.FR,10-11-2021,12,55.5,1
SU.FR,10-11-2021,12,152.21905594405598,1144
FII.FR,10-11-2021,12,24.878571428571426,7
MEDCL.FR,10-11-2021,12,9.590833333333334,12
MCPHY.FR,10-11-2021,12,22.23876543209876,81
GLE.FR,10-11-2021,12,29.638062418725696,769
RXL.FR,10-11-2021,12,17.470679999999994,125
XFAB.FR,10-11-2021,12,9.123777777777777,45
GET.FR,10-11-2021,12,13.797391304347828,46
LOCAL.FR,10-11-2021,12,1.3181809523809527,42
ALMDG.FR,10-11-2021,12,37.97777777777778,9
KER.FR,10-11-2021,12,665.155834378921,797
SAF.FR,10-11-2021,12,121.35719387755108,392
GID.FR,10-11-2021,12,1.1641666666666668,12
MTU.FR,10-11-2021,12,30.4972972972973,37
THEP.FR,10-11-2021,12,101.54117647058827,17
LACR.FR,10-11-2021,12,38.50833333333334,12
JBOG.FR,10-11-2021,12,12.283333333333333,6
RIN.FR,10-11-2021,12,58.62962962962965,27
KORI.FR,10-11-2021,12,28.210434782608694,23
GFC.FR,10-11-2021,12,122.49285714285709,35
SDG.FR,10-11-2021,12,40.51874999999999,16
NHOA.FR,10-11-2021,12,14.711999999999998,15
2CRSI.FR,10-11-2021,12,4.866,15
HOLN.FR,10-11-2021,12,44.8425,4
SWP.FR,10-11-2021,12,43.449999999999996,7
GNE.FR,10-11-2021,12,96.81142857142858,7
SLB.FR,10-11-2021,12,29.150000000000002,7
OSE.FR,10-11-2021,12,8.87306818181818,88
NK.FR,10-11-2021,12,37.28235294117647,17
OVH.FR,10-11-2021,12,20.314124999999983,40
MKEA.FR,10-11-2021,12,0.9135000000000001,4
MF.FR,10-11-2021,12,113.64999999999996,44
BVI.FR,10-11-2021,12,28.49234999999997,200
TBGBS.FR,10-11-2021,12,0.028557142857142857,7
EL.FR,10-11-2021,12,181.8304225352108,497
S30.FR,10-11-2021,12,7.3813948497853925,233
FR.FR,10-11-2021,12,27.3635114503817,131
RI.FR,10-11-2021,12,204.1955056179773,178
STM.FR,10-11-2021,12,43.17186868686886,792
NEOEN.FR,10-11-2021,12,36.888636363636415,132
BN.FR,10-11-2021,12,57.940017921146755,558
TSL2.FR,10-11-2021,13,650.1007,1
HO.FR,10-11-2021,13,83.55736263736269,91
MCPHY.FR,10-11-2021,13,22.33116279069767,43
SCR.FR,10-11-2021,13,28.082967032967026,91
LPE.FR,10-11-2021,13,93.4,1
GFC.FR,10-11-2021,13,122.13783783783782,37
ALECO.FR,10-11-2021,13,15.7,1
ALMDG.FR,10-11-2021,13,37.88125,8
HDF.FR,10-11-2021,13,29.65238095238095,21
KORI.FR,10-11-2021,13,28.177499999999995,24
GENX.FR,10-11-2021,13,8.896,5
FTI.FR,10-11-2021,13,6.346484210526311,190
FDJ.FR,10-11-2021,13,44.45328125000001,64
JCQ.FR,10-11-2021,13,22.31071428571429,14
2CRSI.FR,10-11-2021,13,4.846666666666668,9
PUB.FR,10-11-2021,13,58.202251655629134,151
PVL.FR,10-11-2021,13,6.146666666666667,3
WAGA.FR,10-11-2021,13,27.1,1
MC.FR,10-11-2021,13,692.111316872425,972
STM.FR,10-11-2021,13,43.25618781725891,985
TEP.FR,10-11-2021,13,354.31939799331167,299
LYS.FR,10-11-2021,13,1.9473333333333331,3
EOS.FR,10-11-2021,13,2.28,2
OVH.FR,10-11-2021,13,20.311857142857143,35
MEDCL.FR,10-11-2021,13,9.6225,4
GLO.FR,10-11-2021,13,19.42,3
EL.FR,10-11-2021,13,181.6168581081076,592
SK.FR,10-11-2021,13,137.62456140350875,57
ODET.FR,10-11-2021,13,1335.0,3
GID.FR,10-11-2021,13,1.158,5
RXL.FR,10-11-2021,13,17.450092592592586,54
GAM.FR,10-11-2021,13,100.5,1
MTU.FR,10-11-2021,13,30.45,6
GNFT.FR,10-11-2021,13,3.143333333333333,9
FR.FR,10-11-2021,13,27.32710280373833,107
GNE.FR,10-11-2021,13,97.38400000000001,5
LOCAL.FR,10-11-2021,13,1.310825,8
LSS.FR,10-11-2021,13,37.412499999999994,4
GEA.FR,10-11-2021,13,100.0,4
MAU.FR,10-11-2021,13,2.645625,8
FGR.FR,10-11-2021,13,92.27135999999999,125
WAVE.FR,10-11-2021,13,48.0,1
XFAB.FR,10-11-2021,13,9.171551724137931,58
BVI.FR,10-11-2021,13,28.541341463414604,82
BN.FR,10-11-2021,13,57.79457700650752,461
FNAC.FR,10-11-2021,13,57.35,1
TBGBS.FR,10-11-2021,13,0.0299,4
S30.FR,10-11-2021,13,7.357654320987661,81
DBG.FR,10-11-2021,13,10.150500000000001,20
OSE.FR,10-11-2021,13,8.963333333333333,12
ML.FR,10-11-2021,13,135.14487179487125,312
GLE.FR,10-11-2021,13,29.533814159292053,565
ORP.FR,10-11-2021,13,90.83942857142856,70
LR.FR,10-11-2021,13,94.24794642857125,224
RI.FR,10-11-2021,13,204.39312977099243,131
HOLN.FR,10-11-2021,13,44.81125,4
HOP.FR,10-11-2021,13,9.2,1
PUBBS.FR,10-11-2021,13,34.2,2
VAC.FR,10-11-2021,13,9.14,1
FORSE.FR,10-11-2021,13,6.751666666666666,12
JBOG.FR,10-11-2021,13,12.300000000000002,3
FII.FR,10-11-2021,13,24.85,1
ORAP.FR,10-11-2021,13,5.9575,4
FGA.FR,10-11-2021,13,5.6433333333333335,3
KOF.FR,10-11-2021,13,35.300000000000004,7
NHOA.FR,10-11-2021,13,14.718461538461536,13
MF.FR,10-11-2021,13,113.60526315789471,19
SCHP.FR,10-11-2021,13,65.7357142857143,14
GET.FR,10-11-2021,13,13.785147058823535,34
NK.FR,10-11-2021,13,37.25272727272728,11
MKEA.FR,10-11-2021,13,0.9097999999999999,20
FPN.FR,10-11-2021,13,0.04013333333333334,6
UBI.FR,10-11-2021,13,47.1067058823529,85
VIE.FR,10-11-2021,13,29.92538793103452,232
NEOEN.FR,10-11-2021,13,37.109711538461504,208
SAF.FR,10-11-2021,13,121.57955835962132,317
STLA.FR,10-11-2021,13,17.655813765182177,247
RMS.FR,10-11-2021,13,1415.3687943262412,282
SW.FR,10-11-2021,13,83.76519480519484,77
SU.FR,10-11-2021,13,152.88223062381866,529
KER.FR,10-11-2021,13,665.6997278911567,735
SAF.FR,10-11-2021,13,121.39446096654312,538
DBG.FR,10-11-2021,13,10.136666666666663,18
MC.FR,10-11-2021,13,692.0005015045119,997
GET.FR,10-11-2021,13,13.777441860465107,43
GLO.FR,10-11-2021,13,19.382857142857144,14
TBGBS.FR,10-11-2021,13,0.027466666666666667,3
LACR.FR,10-11-2021,13,38.357142857142854,7
SCHP.FR,10-11-2021,13,65.56666666666666,3
HO.FR,10-11-2021,13,83.52830769230775,65
MKEA.FR,10-11-2021,13,0.9137500000000001,4
PUBBS.FR,10-11-2021,13,34.199999999999996,6
OVH.FR,10-11-2021,13,20.45000000000001,78
FORSE.FR,10-11-2021,13,6.750555555555555,18
LYS.FR,10-11-2021,13,1.958,2
HDF.FR,10-11-2021,13,29.850000000000005,3
LR.FR,10-11-2021,13,94.26799999999997,290
ORAP.FR,10-11-2021,13,5.96,2
OLG.FR,10-11-2021,13,2.2,2
RMS.FR,10-11-2021,13,1418.0786516853932,267
UBI.FR,10-11-2021,13,47.15839285714288,56
STM.FR,10-11-2021,13,43.277640515222515,854
SWP.FR,10-11-2021,13,43.5,1
VETO.FR,10-11-2021,13,147.2,2
FGR.FR,10-11-2021,13,92.10873786407771,103
EOS.FR,10-11-2021,13,2.28,3
SAVE.FR,10-11-2021,13,64.4,1
EL.FR,10-11-2021,13,181.32559228650143,726
MF.FR,10-11-2021,13,113.73999999999998,25
GOE.FR,10-11-2021,13,15.921904761904754,42
GBT.FR,10-11-2021,13,37.46666666666667,12
KORI.FR,10-11-2021,13,28.192142857142866,28
GEA.FR,10-11-2021,13,102.0,1
WAVE.FR,10-11-2021,13,47.9,1
SCR.FR,10-11-2021,13,28.044513274336296,113
FR.FR,10-11-2021,13,27.232649572649574,117
TEP.FR,10-11-2021,13,354.8591800356493,561
MAU.FR,10-11-2021,13,2.6391666666666667,6
SDG.FR,10-11-2021,13,40.114285714285714,7
KER.FR,10-11-2021,13,663.8706766917293,931
SW.FR,10-11-2021,13,83.58637681159419,69
OSE.FR,10-11-2021,13,8.878461538461538,13
LOCAL.FR,10-11-2021,13,1.306,2
FGA.FR,10-11-2021,13,5.68,1
HOLN.FR,10-11-2021,13,44.89000000000001,6
XFAB.FR,10-11-2021,13,9.147666666666668,30
PUB.FR,10-11-2021,13,58.20641350210964,237
NHOA.FR,10-11-2021,13,14.724210526315787,19
FNAC.FR,10-11-2021,13,57.35,1
2CRSI.FR,10-11-2021,13,4.891,5
HEXA.FR,10-11-2021,13,43.150000000000006,6
GNFT.FR,10-11-2021,13,3.1512727272727266,11
SLB.FR,10-11-2021,13,29.275,2
LAT.FR,10-11-2021,13,0.5270769230769231,13
KOF.FR,10-11-2021,13,35.291666666666664,6
JCQ.FR,10-11-2021,13,22.18157894736842,19
MEDCL.FR,10-11-2021,13,9.69730769230769,26
MCPHY.FR,10-11-2021,13,22.461000000000006,40
GNE.FR,10-11-2021,13,97.48,1
WAGA.FR,10-11-2021,13,26.68846153846153,26
SK.FR,10-11-2021,13,137.7918918918919,37
RIN.FR,10-11-2021,13,58.70000000000001,3
GID.FR,10-11-2021,13,1.1735714285714285,7
MTU.FR,10-11-2021,13,30.38333333333333,6
NK.FR,10-11-2021,13,37.222,10
GLE.FR,10-11-2021,13,29.441855983772868,493
BVI.FR,10-11-2021,13,28.5720689655172,87
GFC.FR,10-11-2021,13,122.17830188679254,53
VIE.FR,10-11-2021,13,29.89856115107893,556
FDJ.FR,10-11-2021,13,44.477207207207165,111
S30.FR,10-11-2021,13,7.353863636363645,66
ORP.FR,10-11-2021,13,90.98338028169016,71
RI.FR,10-11-2021,13,204.06504424778677,226
SU.FR,10-11-2021,13,152.9770454545453,616
ML.FR,10-11-2021,13,134.65027173913037,184
FTI.FR,10-11-2021,13,6.332362204724407,127
RXL.FR,10-11-2021,13,17.402376237623766,101
STLA.FR,10-11-2021,13,17.610795698924736,186
NEOEN.FR,10-11-2021,13,36.9964814814815,108
BN.FR,10-11-2021,13,57.680322580645154,558
RI.FR,10-11-2021,14,204.48191268191331,481
EL.FR,10-11-2021,14,181.72326400000003,625
KER.FR,10-11-2021,14,665.9292016806718,952
MEDCL.FR,10-11-2021,14,9.803695652173914,46
GET.FR,10-11-2021,14,13.789270833333331,48
NEOEN.FR,10-11-2021,14,37.03733333333332,60
HEXA.FR,10-11-2021,14,43.1,2
FLY.FR,10-11-2021,14,77.0,1
NK.FR,10-11-2021,14,37.172173913043466,23
SCHP.FR,10-11-2021,14,65.76666666666667,9
THEP.FR,10-11-2021,14,101.4,1
KORI.FR,10-11-2021,14,28.22064516129034,31
UBI.FR,10-11-2021,14,47.20814285714285,70
MF.FR,10-11-2021,14,113.63636363636361,22
MKEA.FR,10-11-2021,14,0.91,1
SAF.FR,10-11-2021,14,121.74027272727263,440
MTU.FR,10-11-2021,14,30.45,2
BUR.FR,10-11-2021,14,654.25,8
OVH.FR,10-11-2021,14,20.35722222222223,45
ML.FR,10-11-2021,14,134.46825095057028,263
FORSE.FR,10-11-2021,14,6.750882352941177,34
TBGBS.FR,10-11-2021,14,0.03,2
HDF.FR,10-11-2021,14,29.55,1
KOF.FR,10-11-2021,14,35.3,1
WAVE.FR,10-11-2021,14,48.0,1
LOUP.FR,10-11-2021,14,97.4,1
GBT.FR,10-11-2021,14,37.55,1
RNL.FR,10-11-2021,14,425.25,1
HOLN.FR,10-11-2021,14,44.945,1
SX.FR,10-11-2021,14,4.895,2
GID.FR,10-11-2021,14,1.155,2
PVL.FR,10-11-2021,14,6.17,1
VETO.FR,10-11-2021,14,147.6,2
XFAB.FR,10-11-2021,14,9.19060606060606,33
MAU.FR,10-11-2021,14,2.642857142857142,14
NHOA.FR,10-11-2021,14,14.64,1
MC.FR,10-11-2021,14,693.8629151291544,1084
WAGA.FR,10-11-2021,14,26.709677419354833,31
FGA.FR,10-11-2021,14,5.64,1
BVI.FR,10-11-2021,14,28.639838709677452,62
PUB.FR,10-11-2021,14,58.18749999999995,176
SU.FR,10-11-2021,14,153.1619973718794,761
MCPHY.FR,10-11-2021,14,22.429444444444453,36
FR.FR,10-11-2021,14,27.220483870967715,124
LACR.FR,10-11-2021,14,38.62,5
ORP.FR,10-11-2021,14,91.10666666666668,69
GDS.FR,10-11-2021,14,22.1,1
LYS.FR,10-11-2021,14,1.944,4
SAVE.FR,10-11-2021,14,64.2,2
LSS.FR,10-11-2021,14,37.542857142857144,7
2CRSI.FR,10-11-2021,14,4.916666666666667,12
OLG.FR,10-11-2021,14,2.203333333333333,3
GAM.FR,10-11-2021,14,101.1,5
FII.FR,10-11-2021,14,24.95,2
ALMDG.FR,10-11-2021,14,37.72666666666667,15
ODET.FR,10-11-2021,14,1330.7692307692307,13
LOCAL.FR,10-11-2021,14,1.30235,12
GOE.FR,10-11-2021,14,15.998,10
JCQ.FR,10-11-2021,14,22.227777777777778,9
FNAC.FR,10-11-2021,14,57.38399999999998,25
SWP.FR,10-11-2021,14,43.45909090909091,11
RIN.FR,10-11-2021,14,58.620000000000005,5
GFC.FR,10-11-2021,14,122.15875000000003,40
GNFT.FR,10-11-2021,14,3.1476470588235306,17
RMS.FR,10-11-2021,14,1421.1451612903227,186
GLO.FR,10-11-2021,14,19.637857142857143,28
FPN.FR,10-11-2021,14,0.0398,2
HO.FR,10-11-2021,14,83.6073684210527,114
SCR.FR,10-11-2021,14,28.04342857142858,140
FDJ.FR,10-11-2021,14,44.58553571428573,112
SK.FR,10-11-2021,14,137.64864864864862,37
BN.FR,10-11-2021,14,57.76065326633161,398
STLA.FR,10-11-2021,14,17.607005464480896,183
FGR.FR,10-11-2021,14,92.00827586206891,145
RXL.FR,10-11-2021,14,17.37337499999999,80
TEP.FR,10-11-2021,14,356.1354312354328,429
GLE.FR,10-11-2021,14,29.405878734622174,569
LR.FR,10-11-2021,14,94.2166754617418,379
FTI.FR,10-11-2021,14,6.308555555555559,144
STM.FR,10-11-2021,14,43.32730936819178,918
OSE.FR,10-11-2021,14,8.857500000000002,8
S30.FR,10-11-2021,14,7.311260683760676,234
SW.FR,10-11-2021,14,83.64481481481477,54
VIE.FR,10-11-2021,14,29.8840825688074,218
DBG.FR,10-11-2021,14,10.149000000000001,20
VIE.FR,10-11-2021,14,29.81902621722849,267
LR.FR,10-11-2021,14,94.10951048951036,429
BN.FR,10-11-2021,14,57.784293893129856,524
GLE.FR,10-11-2021,14,29.442497041420324,1690
BVI.FR,10-11-2021,14,28.618019323671458,207
FDJ.FR,10-11-2021,14,44.45148437499993,128
HOLN.FR,10-11-2021,14,44.92409090909091,11
SLB.FR,10-11-2021,14,29.54,5
MEDCL.FR,10-11-2021,14,9.85491228070175,57
FPN.FR,10-11-2021,14,0.039657142857142856,7
KOF.FR,10-11-2021,14,35.278124999999996,16
ML.FR,10-11-2021,14,134.31728624535285,538
KORI.FR,10-11-2021,14,28.194545454545448,33
MAU.FR,10-11-2021,14,2.6636250000000006,40
LYS.FR,10-11-2021,14,1.948,2
XFAB.FR,10-11-2021,14,9.169999999999998,41
2CRSI.FR,10-11-2021,14,4.965000000000001,5
GID.FR,10-11-2021,14,1.16625,4
RMS.FR,10-11-2021,14,1417.8979007633588,524
EL.FR,10-11-2021,14,181.68644028103023,854
NK.FR,10-11-2021,14,37.15499999999999,16
GBT.FR,10-11-2021,14,37.38333333333333,3
FGA.FR,10-11-2021,14,5.64,3
WAGA.FR,10-11-2021,14,26.85,8
GENX.FR,10-11-2021,14,8.9,1
GPE.FR,10-11-2021,14,30.0,1
SU.FR,10-11-2021,14,152.8551890756306,952
FNAC.FR,10-11-2021,14,57.38333333333333,3
RNL.FR,10-11-2021,14,426.0,2
ALECO.FR,10-11-2021,14,15.7,1
OREGE.FR,10-11-2021,14,1.1644999999999999,16
FII.FR,10-11-2021,14,24.98,10
GNE.FR,10-11-2021,14,97.48,1
HDF.FR,10-11-2021,14,29.97142857142857,7
HOP.FR,10-11-2021,14,9.2,1
LOCAL.FR,10-11-2021,14,1.302,3
LAT.FR,10-11-2021,14,0.53,2
UFF.FR,10-11-2021,14,18.0,1
RE.FR,10-11-2021,14,134.0,6
LACR.FR,10-11-2021,14,38.5,1
LOUP.FR,10-11-2021,14,97.0,2
ORAP.FR,10-11-2021,14,5.955,2
RIN.FR,10-11-2021,14,58.525,4
NHOA.FR,10-11-2021,14,14.635555555555555,18
MC.FR,10-11-2021,14,691.4661051556916,1959
ORP.FR,10-11-2021,14,91.01168141592915,113
GET.FR,10-11-2021,14,13.764583333333327,84
GOE.FR,10-11-2021,14,15.983636363636363,11
MCPHY.FR,10-11-2021,14,22.53607843137255,51
FR.FR,10-11-2021,14,27.26016216216214,185
SK.FR,10-11-2021,14,137.2493333333333,75
SDG.FR,10-11-2021,14,39.893750000000004,16
STLA.FR,10-11-2021,14,17.639954716981126,265
FTI.FR,10-11-2021,14,6.329310344827585,116
UBI.FR,10-11-2021,14,47.106587301587325,126
OVH.FR,10-11-2021,14,20.358627450980396,51
GFC.FR,10-11-2021,14,121.786046511628,86
JCQ.FR,10-11-2021,14,22.2625,16
VETO.FR,10-11-2021,14,146.73749999999995,32
ALMDG.FR,10-11-2021,14,37.834999999999994,10
TBGBS.FR,10-11-2021,14,0.029425,4
FPG.FR,10-11-2021,14,0.5686666666666667,6
LSS.FR,10-11-2021,14,37.61666666666666,9
ODET.FR,10-11-2021,14,1330.0,1
GLO.FR,10-11-2021,14,19.68,9
MTU.FR,10-11-2021,14,30.45,2
JBOG.FR,10-11-2021,14,12.483333333333334,21
GNRO.FR,10-11-2021,14,3.8366666666666664,3
THEP.FR,10-11-2021,14,100.95555555555555,9
WAVE.FR,10-11-2021,14,48.0,2
SCHP.FR,10-11-2021,14,65.7724137931035,29
GNFT.FR,10-11-2021,14,3.1474736842105266,19
OSE.FR,10-11-2021,14,8.82,5
FORSE.FR,10-11-2021,14,6.763906249999999,64
PARP.FR,10-11-2021,14,20.8,1
SCR.FR,10-11-2021,14,28.06691275167788,149
RXL.FR,10-11-2021,14,17.339623893805314,226
SAF.FR,10-11-2021,14,121.69758551307847,497
DBG.FR,10-11-2021,14,10.148076923076925,26
S30.FR,10-11-2021,14,7.285499999999993,200
TEP.FR,10-11-2021,14,355.93941368078174,614
HO.FR,10-11-2021,14,83.55863354037284,161
PUB.FR,10-11-2021,14,58.0956156156158,333
STM.FR,10-11-2021,14,43.23334803921565,1020
RI.FR,10-11-2021,14,204.4488017429196,459
SW.FR,10-11-2021,14,83.49878787878772,99
FGR.FR,10-11-2021,14,91.84408759124088,137
KER.FR,10-11-2021,14,665.6508385744258,954
MF.FR,10-11-2021,14,113.46716417910447,67
NEOEN.FR,10-11-2021,14,36.86678571428575,112
TBGBS.FR,10-11-2021,15,0.02944,5
GFC.FR,10-11-2021,15,121.39810126582286,79
STM.FR,10-11-2021,15,43.15219387755101,1176
ML.FR,10-11-2021,15,134.20370370370364,378
PUB.FR,10-11-2021,15,57.99355311355305,273
SK.FR,10-11-2021,15,137.15476190476193,42
OLG.FR,10-11-2021,15,2.215,2
SCHP.FR,10-11-2021,15,66.03333333333335,6
LAT.FR,10-11-2021,15,0.53,1
MF.FR,10-11-2021,15,113.42307692307698,26
GNE.FR,10-11-2021,15,97.48,1
LYS.FR,10-11-2021,15,1.934,2
XFAB.FR,10-11-2021,15,9.168500000000003,20
NK.FR,10-11-2021,15,37.16848484848484,33
LOCAL.FR,10-11-2021,15,1.2975666666666668,12
NEOEN.FR,10-11-2021,15,36.944857142857146,70
VAC.FR,10-11-2021,15,9.14,1
GLO.FR,10-11-2021,15,19.716,10
BN.FR,10-11-2021,15,57.79020408163279,441
FDJ.FR,10-11-2021,15,44.45809210526311,152
GBT.FR,10-11-2021,15,37.2,1
MTU.FR,10-11-2021,15,30.5,2
PVL.FR,10-11-2021,15,6.12,1
ALECO.FR,10-11-2021,15,15.78,3
MKEA.FR,10-11-2021,15,0.911,1
ORAP.FR,10-11-2021,15,5.95,1
HOLN.FR,10-11-2021,15,44.910000000000004,3
GNFT.FR,10-11-2021,15,3.1712,5
THEP.FR,10-11-2021,15,100.36000000000003,15
RNL.FR,10-11-2021,15,428.86875,8
SW.FR,10-11-2021,15,83.37256637168139,113
ODET.FR,10-11-2021,15,1334.5,10
RIN.FR,10-11-2021,15,58.25555555555555,9
KORI.FR,10-11-2021,15,28.101052631578963,38
PUBBS.FR,10-11-2021,15,34.0,2
SU.FR,10-11-2021,15,152.60474495848112,843
LACR.FR,10-11-2021,15,38.5,1
MAU.FR,10-11-2021,15,2.6735714285714285,14
LR.FR,10-11-2021,15,93.982896551724,290
SCR.FR,10-11-2021,15,28.174941176470618,85
GLE.FR,10-11-2021,15,29.41807750759872,658
FGA.FR,10-11-2021,15,5.66,2
MEDCL.FR,10-11-2021,15,9.855555555555556,18
LSS.FR,10-11-2021,15,37.7,1
OSE.FR,10-11-2021,15,8.755714285714287,35
FPN.FR,10-11-2021,15,0.04,2
GID.FR,10-11-2021,15,1.1675,4
FORSE.FR,10-11-2021,15,6.756666666666667,18
FII.FR,10-11-2021,15,24.975,8
WAVE.FR,10-11-2021,15,48.0,1
JBOG.FR,10-11-2021,15,12.308333333333332,6
NHOA.FR,10-11-2021,15,14.538749999999999,16
KOF.FR,10-11-2021,15,35.35,9
DBG.FR,10-11-2021,15,10.154399999999999,25
RE.FR,10-11-2021,15,133.5,3
GET.FR,10-11-2021,15,13.752383720930274,172
UFF.FR,10-11-2021,15,18.0,2
2CRSI.FR,10-11-2021,15,4.90909090909091,11
VETO.FR,10-11-2021,15,145.52941176470586,34
S30.FR,10-11-2021,15,7.305000000000004,76
GOE.FR,10-11-2021,15,16.06,4
WAGA.FR,10-11-2021,15,26.65,16
FNAC.FR,10-11-2021,15,57.375,8
JCQ.FR,10-11-2021,15,22.168181818181818,11
RMS.FR,10-11-2021,15,1418.8307926829268,328
FGR.FR,10-11-2021,15,91.78743243243245,148
ORP.FR,10-11-2021,15,90.64382978723411,94
RXL.FR,10-11-2021,15,17.425562499999987,80
BVI.FR,10-11-2021,15,28.659052631578962,95
HO.FR,10-11-2021,15,83.5628571428572,126
VIE.FR,10-11-2021,15,29.7834977578476,223
MCPHY.FR,10-11-2021,15,22.45200000000001,30
UBI.FR,10-11-2021,15,47.041111111111086,45
SAF.FR,10-11-2021,15,121.88824016563112,483
FTI.FR,10-11-2021,15,6.313967479674785,246
TEP.FR,10-11-2021,15,356.1497126436785,348
EL.FR,10-11-2021,15,181.9393375796178,785
KER.FR,10-11-2021,15,665.3488687782808,884
STLA.FR,10-11-2021,15,17.65968240343347,233
OVH.FR,10-11-2021,15,20.482941176470593,34
FR.FR,10-11-2021,15,27.253062500000045,160
RI.FR,10-11-2021,15,204.7098290598291,234
MC.FR,10-11-2021,15,691.9372681281609,1186
SWP.FR,10-11-2021,15,43.5,4
HO.FR,10-11-2021,15,83.75358778625949,262
SU.FR,10-11-2021,15,153.03607028753933,1252
STM.FR,10-11-2021,15,43.25425305568122,2209
EL.FR,10-11-2021,15,181.98958813838553,1214
SAF.FR,10-11-2021,15,122.48024830699751,886
TEP.FR,10-11-2021,15,356.7629107981225,639
UFF.FR,10-11-2021,15,18.0,1
MAU.FR,10-11-2021,15,2.6850000000000005,37
LAT.FR,10-11-2021,15,0.5281250000000001,8
GLO.FR,10-11-2021,15,19.756000000000004,10
SCHP.FR,10-11-2021,15,66.28,35
KER.FR,10-11-2021,15,666.1385515727869,1367
THEP.FR,10-11-2021,15,100.3685393258426,89
ODET.FR,10-11-2021,15,1339.1666666666667,12
JCQ.FR,10-11-2021,15,22.28333333333333,3
FORSE.FR,10-11-2021,15,6.750192307692307,52
KOF.FR,10-11-2021,15,35.3,2
TBGBS.FR,10-11-2021,15,0.0281,2
STLA.FR,10-11-2021,15,17.70430279898221,786
GLE.FR,10-11-2021,15,29.414701612903098,1240
RXL.FR,10-11-2021,15,17.519743589743587,78
LPE.FR,10-11-2021,15,93.0,2
WAGA.FR,10-11-2021,15,26.65806451612904,31
UBI.FR,10-11-2021,15,47.16203187251001,251
GNE.FR,10-11-2021,15,95.94222222222223,9
SWP.FR,10-11-2021,15,43.526923076923076,13
GNFT.FR,10-11-2021,15,3.183666666666667,12
MF.FR,10-11-2021,15,113.69500000000002,40
VAC.FR,10-11-2021,15,9.126666666666665,3
GBT.FR,10-11-2021,15,37.15,2
XFAB.FR,10-11-2021,15,9.202500000000004,64
MKEA.FR,10-11-2021,15,0.9086000000000001,10
ALMDG.FR,10-11-2021,15,37.900000000000006,9
MC.FR,10-11-2021,15,693.2550133689832,1496
SW.FR,10-11-2021,15,83.85313043478243,230
VIE.FR,10-11-2021,15,29.762932862190876,283
SCR.FR,10-11-2021,15,28.12598214285714,112
GDS.FR,10-11-2021,15,22.066666666666666,3
WAVE.FR,10-11-2021,15,48.145454545454555,22
GOE.FR,10-11-2021,15,16.086666666666666,24
SX.FR,10-11-2021,15,4.872857142857143,7
2CRSI.FR,10-11-2021,15,4.885,1
ORP.FR,10-11-2021,15,91.02497041420119,169
BVI.FR,10-11-2021,15,28.754269662921367,178
JBOG.FR,10-11-2021,15,12.216666666666669,6
FPN.FR,10-11-2021,15,0.04,1
VETO.FR,10-11-2021,15,146.0,2
HOP.FR,10-11-2021,15,9.2,2
RNL.FR,10-11-2021,15,431.91285714285715,7
FTI.FR,10-11-2021,15,6.350231060606074,528
RDSS.FR,10-11-2021,15,3.7647400000000006,5
S30.FR,10-11-2021,15,7.336000000000004,60
LYS.FR,10-11-2021,15,1.9372727272727273,11
FNAC.FR,10-11-2021,15,57.60200000000005,50
LSS.FR,10-11-2021,15,37.75,2
RIN.FR,10-11-2021,15,58.3125,8
ML.FR,10-11-2021,15,134.245652173913,529
BN.FR,10-11-2021,15,57.76542635658913,645
PUB.FR,10-11-2021,15,57.987401960784354,408
DBG.FR,10-11-2021,15,10.170810810810808,37
OSE.FR,10-11-2021,15,8.729999999999997,22
GENX.FR,10-11-2021,15,8.893333333333333,3
SK.FR,10-11-2021,15,136.942735042735,117
NK.FR,10-11-2021,15,37.22830188679247,53
MEDCL.FR,10-11-2021,15,9.857368421052632,19
FDJ.FR,10-11-2021,15,44.51053191489366,188
RI.FR,10-11-2021,15,204.7108216432861,499
KORI.FR,10-11-2021,15,28.198412698412717,63
OLG.FR,10-11-2021,15,2.1950000000000003,2
GFC.FR,10-11-2021,15,121.65986394557818,147
LOCAL.FR,10-11-2021,15,1.2933333333333332,21
MCPHY.FR,10-11-2021,15,22.6101408450704,71
FGR.FR,10-11-2021,15,91.78302839116697,317
LR.FR,10-11-2021,15,94.30664062500034,512
FR.FR,10-11-2021,15,27.418409090909087,308
LOUP.FR,10-11-2021,15,97.4,1
PARP.FR,10-11-2021,15,20.85,2
MTU.FR,10-11-2021,15,30.437500000000004,8
FII.FR,10-11-2021,15,24.95,1
FGA.FR,10-11-2021,15,5.66,2
SLB.FR,10-11-2021,15,29.45,1
OVH.FR,10-11-2021,15,20.591627906976743,43
NHOA.FR,10-11-2021,15,14.4275,8
HOLN.FR,10-11-2021,15,44.92152173913041,23
RMS.FR,10-11-2021,15,1418.6493288590605,596
NEOEN.FR,10-11-2021,15,36.98598425196847,127
GET.FR,10-11-2021,15,13.75157894736844,133
RXL.FR,10-11-2021,16,17.583095238095236,84
SAF.FR,10-11-2021,16,122.64022085889574,815
GET.FR,10-11-2021,16,13.751761904761889,105
MF.FR,10-11-2021,16,114.05438596491237,57
MKEA.FR,10-11-2021,16,0.9086000000000001,5
UBI.FR,10-11-2021,16,47.41471698113204,159
RIN.FR,10-11-2021,16,58.33636363636364,11
RE.FR,10-11-2021,16,133.5,2
MAU.FR,10-11-2021,16,2.6613888888888892,18
OREGE.FR,10-11-2021,16,1.168,1
GOE.FR,10-11-2021,16,16.071666666666662,12
FORSE.FR,10-11-2021,16,6.755882352941177,34
DBG.FR,10-11-2021,16,10.22173913043478,23
JCQ.FR,10-11-2021,16,22.385714285714283,7
SLB.FR,10-11-2021,16,29.085714285714285,7
GNRO.FR,10-11-2021,16,3.81,3
SDG.FR,10-11-2021,16,39.8875,4
FGA.FR,10-11-2021,16,5.66,1
FTI.FR,10-11-2021,16,6.278902887139109,381
XFAB.FR,10-11-2021,16,9.217037037037045,54
NEOEN.FR,10-11-2021,16,37.00932642487052,193
2CRSI.FR,10-11-2021,16,4.89,3
GLO.FR,10-11-2021,16,19.801666666666666,12
ALECO.FR,10-11-2021,16,15.78,2
PVL.FR,10-11-2021,16,6.109999999999999,4
GAM.FR,10-11-2021,16,101.94444444444444,9
RMS.FR,10-11-2021,16,1423.135359116022,543
PUB.FR,10-11-2021,16,58.03776470588241,340
SAVE.FR,10-11-2021,16,64.0,1
HOP.FR,10-11-2021,16,9.236666666666666,6
TEP.FR,10-11-2021,16,358.0726978998381,619
UFF.FR,10-11-2021,16,18.1,2
HOLN.FR,10-11-2021,16,45.009722222222216,18
ORP.FR,10-11-2021,16,91.29671641791033,201
VIE.FR,10-11-2021,16,29.79576998050675,513
FDJ.FR,10-11-2021,16,44.70986876640431,381
EL.FR,10-11-2021,16,182.28893457943954,1070
LOUP.FR,10-11-2021,16,97.0,1
KOF.FR,10-11-2021,16,35.35,8
SU.FR,10-11-2021,16,153.7517148362242,1038
ALMDG.FR,10-11-2021,16,37.85,2
VETO.FR,10-11-2021,16,146.4,1
LR.FR,10-11-2021,16,94.8177664974618,394
FPN.FR,10-11-2021,16,0.039828571428571435,21
FII.FR,10-11-2021,16,25.0125,4
GDS.FR,10-11-2021,16,21.900000000000006,11
SW.FR,10-11-2021,16,83.9802424242423,165
BUR.FR,10-11-2021,16,662.0,4
LYS.FR,10-11-2021,16,1.95,1
FR.FR,10-11-2021,16,27.559967105263194,304
MC.FR,10-11-2021,16,696.7111320754708,1590
STM.FR,10-11-2021,16,43.54530250347703,1438
KORI.FR,10-11-2021,16,28.185087719298217,114
GLE.FR,10-11-2021,16,29.488406652360553,932
FGR.FR,10-11-2021,16,91.93623616236181,271
RI.FR,10-11-2021,16,204.87457212713986,409
SCR.FR,10-11-2021,16,28.047457627118646,118
S30.FR,10-11-2021,16,7.366666666666672,75
HO.FR,10-11-2021,16,83.58065727699523,213
STLA.FR,10-11-2021,16,17.82301980198022,808
KER.FR,10-11-2021,16,666.7885067114073,1192
ODET.FR,10-11-2021,16,1339.1176470588234,17
GFC.FR,10-11-2021,16,121.95679611650483,103
BN.FR,10-11-2021,16,57.69463662790681,688
ML.FR,10-11-2021,16,134.60135658914712,516
BVI.FR,10-11-2021,16,28.889714285714298,140
NK.FR,10-11-2021,16,37.14823529411763,68
FNAC.FR,10-11-2021,16,57.804666666666684,75
PUBBS.FR,10-11-2021,16,33.8,1
LOCAL.FR,10-11-2021,16,1.2953,14
GNFT.FR,10-11-2021,16,3.1847272727272724,11
HDF.FR,10-11-2021,16,29.563333333333336,15
OSE.FR,10-11-2021,16,8.705384615384617,13
SCHP.FR,10-11-2021,16,66.46428571428571,14
SK.FR,10-11-2021,16,136.9836734693879,49
MTU.FR,10-11-2021,16,30.349999999999998,8
JBOG.FR,10-11-2021,16,12.2,1
THEP.FR,10-11-2021,16,100.31199999999998,50
LSS.FR,10-11-2021,16,38.010526315789484,19
MCPHY.FR,10-11-2021,16,22.777704918032775,61
GID.FR,10-11-2021,16,1.1675,6
WAGA.FR,10-11-2021,16,26.629411764705882,17
VAC.FR,10-11-2021,16,9.14,1
NHOA.FR,10-11-2021,16,14.60153846153846,13
MEDCL.FR,10-11-2021,16,9.875333333333336,30
OVH.FR,10-11-2021,16,20.667857142857137,56
LAT.FR,10-11-2021,16,0.5315000000000001,4
SU.FR,10-11-2021,16,153.83952434881147,883
LYS.FR,10-11-2021,16,1.95,1
SCR.FR,10-11-2021,16,28.003374233128763,163
RIN.FR,10-11-2021,16,58.228571428571435,14
TBGBS.FR,10-11-2021,16,0.029719999999999996,5
OSE.FR,10-11-2021,16,8.751818181818182,11
UFF.FR,10-11-2021,16,18.0,7
VAC.FR,10-11-2021,16,9.115,2
SCHP.FR,10-11-2021,16,67.10000000000001,17
DBG.FR,10-11-2021,16,10.25355555555555,45
HDF.FR,10-11-2021,16,29.566666666666674,15
SK.FR,10-11-2021,16,137.4891304347827,92
FDJ.FR,10-11-2021,16,44.744661654135356,133
MF.FR,10-11-2021,16,114.19032258064512,31
RNL.FR,10-11-2021,16,434.756,5
NHOA.FR,10-11-2021,16,14.583636363636362,11
SWP.FR,10-11-2021,16,43.411764705882355,17
LOCAL.FR,10-11-2021,16,1.29306,10
KORI.FR,10-11-2021,16,28.086666666666634,102
LR.FR,10-11-2021,16,94.98402777777791,288
RXL.FR,10-11-2021,16,17.597897196261666,107
2CRSI.FR,10-11-2021,16,4.9475,2
MAU.FR,10-11-2021,16,2.646875,8
HO.FR,10-11-2021,16,83.54480620155034,258
VETO.FR,10-11-2021,16,146.5666666666667,12
EOS.FR,10-11-2021,16,2.32,1
STM.FR,10-11-2021,16,43.52018638573763,1234
NEOEN.FR,10-11-2021,16,37.1005263157894,114
MTU.FR,10-11-2021,16,30.32857142857143,7
GLO.FR,10-11-2021,16,19.74,1
RI.FR,10-11-2021,16,205.12756183745523,283
GNFT.FR,10-11-2021,16,3.19,3
LSS.FR,10-11-2021,16,37.979166666666664,12
DPAM.FR,10-11-2021,16,476.0,2
FGR.FR,10-11-2021,16,91.93638297872327,282
ML.FR,10-11-2021,16,134.6886563876652,454
GLE.FR,10-11-2021,16,29.499897360703862,682
WAGA.FR,10-11-2021,16,26.566666666666666,12
ALECO.FR,10-11-2021,16,15.78,1
FR.FR,10-11-2021,16,27.608069306930652,202
ALMDG.FR,10-11-2021,16,38.0,3
KOF.FR,10-11-2021,16,35.3,5
FTI.FR,10-11-2021,16,6.258345177664964,394
MC.FR,10-11-2021,16,698.4969156956831,1459
OREGE.FR,10-11-2021,16,1.168,1
SAVE.FR,10-11-2021,16,64.2,1
BN.FR,10-11-2021,16,57.748368794326076,564
LTA.FR,10-11-2021,16,24.22,2
ORAP.FR,10-11-2021,16,5.984999999999999,4
HOP.FR,10-11-2021,16,9.26,1
GNE.FR,10-11-2021,16,96.075,2
SX.FR,10-11-2021,16,4.898000000000001,5
MKEA.FR,10-11-2021,16,0.908,3
HEXA.FR,10-11-2021,16,43.5,2
GAM.FR,10-11-2021,16,101.0,1
PARP.FR,10-11-2021,16,20.8,1
RMS.FR,10-11-2021,16,1426.7093821510298,437
SAF.FR,10-11-2021,16,122.69434243176205,806
TEP.FR,10-11-2021,16,358.58677685950363,484
BVI.FR,10-11-2021,16,28.871999999999947,75
KER.FR,10-11-2021,16,667.6685023505681,1489
UBI.FR,10-11-2021,16,47.27568181818186,220
MCPHY.FR,10-11-2021,16,22.725185185185197,54
STLA.FR,10-11-2021,16,17.88551803278691,610
ORP.FR,10-11-2021,16,91.06442857142859,140
VIE.FR,10-11-2021,16,29.759247787610512,226
HDP.FR,10-11-2021,16,2.1200000000000006,6
NK.FR,10-11-2021,16,37.06987951807226,83
SLB.FR,10-11-2021,16,28.866666666666664,6
PUB.FR,10-11-2021,16,58.33257352941158,272
JCQ.FR,10-11-2021,16,22.400000000000002,6
FGA.FR,10-11-2021,16,5.646666666666667,3
FORSE.FR,10-11-2021,16,6.764210526315789,38
FREY.FR,10-11-2021,16,33.0,3
ODET.FR,10-11-2021,16,1340.0,4
GOE.FR,10-11-2021,16,16.119999999999997,29
FPN.FR,10-11-2021,16,0.04043999999999999,10
OVH.FR,10-11-2021,16,20.609,20
GDS.FR,10-11-2021,16,22.3,1
FII.FR,10-11-2021,16,25.016666666666666,3
LAT.FR,10-11-2021,16,0.5313333333333333,3
HOLN.FR,10-11-2021,16,45.02666666666667,3
THEP.FR,10-11-2021,16,100.44705882352937,17
FNAC.FR,10-11-2021,16,57.74305555555554,36
BUR.FR,10-11-2021,16,668.5,4
XFAB.FR,10-11-2021,16,9.137500000000006,88
JBOG.FR,10-11-2021,16,12.22,5
GFC.FR,10-11-2021,16,122.02967479674798,123
S30.FR,10-11-2021,16,7.378421052631574,57
RE.FR,10-11-2021,16,133.33333333333334,6
GET.FR,10-11-2021,16,13.71004524886876,221
EL.FR,10-11-2021,16,182.27126436781606,783
SW.FR,10-11-2021,16,83.95140939597303,149
MEDCL.FR,10-11-2021,16,9.850000000000001,17
XFAB.FR,10-11-2021,17,9.096315789473694,114
SW.FR,10-11-2021,17,83.80995024875632,201
MCPHY.FR,10-11-2021,17,22.639999999999986,91
OVH.FR,10-11-2021,17,20.568404255319134,47
ML.FR,10-11-2021,17,134.53891566265017,415
RXL.FR,10-11-2021,17,17.61487730061352,163
FPN.FR,10-11-2021,17,0.040400000000000005,2
SDG.FR,10-11-2021,17,39.837500000000006,4
PUBBS.FR,10-11-2021,17,34.4,2
LOUP.FR,10-11-2021,17,97.4,2
OREGE.FR,10-11-2021,17,1.16,1
VAC.FR,10-11-2021,17,9.1,1
GENX.FR,10-11-2021,17,8.9,4
HOP.FR,10-11-2021,17,9.313333333333333,3
GNFT.FR,10-11-2021,17,3.181,8
GAM.FR,10-11-2021,17,103.0,1
LPE.FR,10-11-2021,17,93.85,4
VETO.FR,10-11-2021,17,146.2571428571429,7
PVL.FR,10-11-2021,17,6.1,2
ODET.FR,10-11-2021,17,1342.0,10
RIN.FR,10-11-2021,17,58.281818181818196,11
GBT.FR,10-11-2021,17,37.35,1
LTA.FR,10-11-2021,17,24.238888888888887,9
WAVE.FR,10-11-2021,17,48.1,2
SLB.FR,10-11-2021,17,28.875,4
TBGBS.FR,10-11-2021,17,0.029574999999999997,4
LOCAL.FR,10-11-2021,17,1.2977142857142856,7
GNE.FR,10-11-2021,17,96.13,2
RE.FR,10-11-2021,17,133.5,1
FPG.FR,10-11-2021,17,0.554,1
LYS.FR,10-11-2021,17,1.9501666666666664,12
LAT.FR,10-11-2021,17,0.532,2
MF.FR,10-11-2021,17,114.17499999999994,116
ALMDG.FR,10-11-2021,17,38.05500000000001,10
OSE.FR,10-11-2021,17,8.707499999999998,32
GDS.FR,10-11-2021,17,22.3,1
MTU.FR,10-11-2021,17,30.20526315789474,19
SABE.FR,10-11-2021,17,24.2,2
JBOG.FR,10-11-2021,17,12.35,1
OLG.FR,10-11-2021,17,2.19,1
RMS.FR,10-11-2021,17,1427.0824524312895,473
VIE.FR,10-11-2021,17,29.74338509316758,322
PARP.FR,10-11-2021,17,20.9,1
GID.FR,10-11-2021,17,1.1809999999999998,5
ORAP.FR,10-11-2021,17,5.96,1
JCQ.FR,10-11-2021,17,22.51250000000001,20
FII.FR,10-11-2021,17,24.984482758620693,29
SWP.FR,10-11-2021,17,43.48571428571428,21
HDF.FR,10-11-2021,17,29.55,3
KOF.FR,10-11-2021,17,35.294444444444444,18
SCR.FR,10-11-2021,17,27.94435897435898,273
DBG.FR,10-11-2021,17,10.304835164835165,91
BVI.FR,10-11-2021,17,28.857499999999952,168
MKEA.FR,10-11-2021,17,0.9054285714285716,7
THEP.FR,10-11-2021,17,100.57837837837833,37
NHOA.FR,10-11-2021,17,14.555384615384611,13
NEOEN.FR,10-11-2021,17,37.180833333333304,192
SAVE.FR,10-11-2021,17,64.1,6
ALECO.FR,10-11-2021,17,15.74,1
HOLN.FR,10-11-2021,17,45.03808823529411,34
HO.FR,10-11-2021,17,83.50844444444466,225
EL.FR,10-11-2021,17,182.18814898419862,886
GLE.FR,10-11-2021,17,29.421431718061626,1135
MC.FR,10-11-2021,17,698.3587078651663,1424
KER.FR,10-11-2021,17,666.8344251336865,1496
TEP.FR,10-11-2021,17,358.48195991091285,449
PUB.FR,10-11-2021,17,58.658358208955555,670
BN.FR,10-11-2021,17,57.82665173572198,893
GET.FR,10-11-2021,17,13.7281561461794,301
GLO.FR,10-11-2021,17,19.687142857142852,14
KORI.FR,10-11-2021,17,28.04431192660556,218
SAF.FR,10-11-2021,17,122.75820439350461,1047
SCHP.FR,10-11-2021,17,66.95,4
UBI.FR,10-11-2021,17,47.17469135802466,162
LR.FR,10-11-2021,17,94.90918205804779,379
FDJ.FR,10-11-2021,17,44.737806122448944,196
MEDCL.FR,10-11-2021,17,9.789666666666664,30
NK.FR,10-11-2021,17,37.05294117647055,51
GOE.FR,10-11-2021,17,16.186666666666667,9
SK.FR,10-11-2021,17,137.67368421052652,76
LSS.FR,10-11-2021,17,38.05277777777778,18
2CRSI.FR,10-11-2021,17,4.938571428571429,7
ORP.FR,10-11-2021,17,90.82481675392673,191
GFC.FR,10-11-2021,17,121.99999999999996,87
WAGA.FR,10-11-2021,17,26.765116279069776,43
FGR.FR,10-11-2021,17,91.68252788104095,269
STLA.FR,10-11-2021,17,17.874917808219152,438
STM.FR,10-11-2021,17,43.48528251121084,1115
SU.FR,10-11-2021,17,153.8735641547864,982
MAU.FR,10-11-2021,17,2.633965517241379,29
FNAC.FR,10-11-2021,17,58.07095588235295,136
FTI.FR,10-11-2021,17,6.2408086253369435,371
FORSE.FR,10-11-2021,17,6.750545454545454,55
VTR.FR,10-11-2021,17,35.53333333333333,3
RI.FR,10-11-2021,17,205.08509532062348,577
S30.FR,10-11-2021,17,7.41966165413533,133
FR.FR,10-11-2021,17,27.638560311284046,257
HDF.FR,10-11-2021,17,29.35,11
BVI.FR,10-11-2021,17,28.89999999999995,191
FDJ.FR,10-11-2021,17,44.78999999999997,160
MF.FR,10-11-2021,17,114.29999999999978,120
GNE.FR,10-11-2021,17,96.16,1
VIE.FR,10-11-2021,17,29.680000000000106,270
FII.FR,10-11-2021,17,24.899999999999988,34
MEDCL.FR,10-11-2021,17,9.769999999999998,12
LTA.FR,10-11-2021,17,24.235,1
SX.FR,10-11-2021,17,4.9,2
STLA.FR,10-11-2021,17,17.86799999999997,153
MTU.FR,10-11-2021,17,30.450000000000017,33
HEXA.FR,10-11-2021,17,43.800000000000004,9
SCR.FR,10-11-2021,17,28.0,199
FORSE.FR,10-11-2021,17,6.75,20
KOF.FR,10-11-2021,17,35.25,46
MCPHY.FR,10-11-2021,17,22.81999999999999,72
FLY.FR,10-11-2021,17,77.0,4
LOUP.FR,10-11-2021,17,97.4,1
GLE.FR,10-11-2021,17,29.399999999999817,330
SWP.FR,10-11-2021,17,43.600000000000016,19
LSS.FR,10-11-2021,17,38.0,41
GOE.FR,10-11-2021,17,16.199999999999996,11
UFF.FR,10-11-2021,17,18.0,4
JCQ.FR,10-11-2021,17,22.64999999999999,25
EL.FR,10-11-2021,17,182.37999999999897,335
DBG.FR,10-11-2021,17,10.299999999999985,85
FGA.FR,10-11-2021,17,5.64,1
FTI.FR,10-11-2021,17,6.26199999999998,125
NEOEN.FR,10-11-2021,17,37.09999999999994,103
KORI.FR,10-11-2021,17,28.280000000000054,161
FNAC.FR,10-11-2021,17,58.40000000000003,77
GET.FR,10-11-2021,17,13.69499999999998,152
XFAB.FR,10-11-2021,17,9.070000000000011,82
GNFT.FR,10-11-2021,17,3.198,11
SAF.FR,10-11-2021,17,123.0,345
TEP.FR,10-11-2021,17,357.39999999999935,243
FR.FR,10-11-2021,17,27.60000000000007,216
RMS.FR,10-11-2021,17,1430.0,291
PUB.FR,10-11-2021,17,58.60000000000023,226
MKEA.FR,10-11-2021,17,0.9050000000000001,6
SW.FR,10-11-2021,17,83.86000000000016,166
OREGE.FR,10-11-2021,17,1.17,2
WAGA.FR,10-11-2021,17,26.8,22
MC.FR,10-11-2021,17,698.6000000000003,438
HOLN.FR,10-11-2021,17,45.03499999999999,12
LYS.FR,10-11-2021,17,1.97,3
WAVE.FR,10-11-2021,17,48.100000000000016,22
MAU.FR,10-11-2021,17,2.645000000000001,26
FPG.FR,10-11-2021,17,0.576,1
LR.FR,10-11-2021,17,94.90000000000026,248
NK.FR,10-11-2021,17,37.03999999999997,103
RXL.FR,10-11-2021,17,17.650000000000045,138
ALMDG.FR,10-11-2021,17,38.10000000000001,10
LAT.FR,10-11-2021,17,0.53,1
2CRSI.FR,10-11-2021,17,4.95,1
OVH.FR,10-11-2021,17,20.48500000000001,39
FGR.FR,10-11-2021,17,91.81999999999981,179
VETO.FR,10-11-2021,17,147.40000000000003,17
GLO.FR,10-11-2021,17,19.62,17
KER.FR,10-11-2021,17,664.7999999999945,443
OSE.FR,10-11-2021,17,8.650000000000004,24
RI.FR,10-11-2021,17,205.0,270
BN.FR,10-11-2021,17,57.93999999999976,390
ORP.FR,10-11-2021,17,90.92000000000006,174
HO.FR,10-11-2021,17,83.37999999999978,218
NHOA.FR,10-11-2021,17,14.680000000000005,13
S30.FR,10-11-2021,17,7.415000000000003,44
SK.FR,10-11-2021,17,137.2999999999996,150
SAVE.FR,10-11-2021,17,64.0,10
SU.FR,10-11-2021,17,153.9800000000011,360
THEP.FR,10-11-2021,17,100.40000000000003,20
TBGBS.FR,10-11-2021,17,0.0283,2
GBT.FR,10-11-2021,17,37.35000000000001,20
STM.FR,10-11-2021,17,43.405000000000214,313
UBI.FR,10-11-2021,17,47.0900000000001,205
ML.FR,10-11-2021,17,134.19999999999945,356
VAC.FR,10-11-2021,17,9.14,4
GFC.FR,10-11-2021,17,121.59999999999971,197
ODET.FR,10-11-2021,17,1350.0,18
LACR.FR,10-11-2021,17,38.5,2
SCHP.FR,10-11-2021,17,67.0,27
LOCAL.FR,10-11-2021,17,1.2916,28
RIN.FR,10-11-2021,17,58.0,42
SDG.FR,10-11-2021,17,39.800000000000004,8
MF.FR,11-11-2021,09,113.99384615384615,65
GBT.FR,11-11-2021,09,37.010416666666664,24
JCQ.FR,11-11-2021,09,22.419444444444444,36
KER.FR,11-11-2021,09,657.1678606965168,1005
OLG.FR,11-11-2021,09,2.1999999999999997,9
NK.FR,11-11-2021,09,37.08141176470582,85
SCHP.FR,11-11-2021,09,66.81428571428572,21
FR.FR,11-11-2021,09,27.42436363636364,220
SWP.FR,11-11-2021,09,43.43888888888888,27
GPE.FR,11-11-2021,09,29.8,1
FPG.FR,11-11-2021,09,0.57,3
GLE.FR,11-11-2021,09,29.674389763779462,762
LR.FR,11-11-2021,09,94.68530712530726,407
HEXA.FR,11-11-2021,09,43.70000000000001,11
MC.FR,11-11-2021,09,697.81610561056,1515
KORI.FR,11-11-2021,09,28.18029197080288,137
SX.FR,11-11-2021,09,4.9,1
FPN.FR,11-11-2021,09,0.040999999999999995,10
RI.FR,11-11-2021,09,206.35815485996693,607
UBI.FR,11-11-2021,09,46.87528985507244,414
SU.FR,11-11-2021,09,153.99092063492074,630
ORAP.FR,11-11-2021,09,5.98,5
SDG.FR,11-11-2021,09,39.65178571428573,28
GFC.FR,11-11-2021,09,121.73587786259533,131
HOP.FR,11-11-2021,09,9.473333333333333,9
STLA.FR,11-11-2021,09,17.842152019002366,421
VIE.FR,11-11-2021,09,29.846035087719287,285
TBGBS.FR,11-11-2021,09,0.030544444444444447,9
MKEA.FR,11-11-2021,09,0.9065454545454547,11
LAT.FR,11-11-2021,09,0.5317777777777778,9
KOF.FR,11-11-2021,09,35.15348837209305,43
LTA.FR,11-11-2021,09,24.29,5
ALMDG.FR,11-11-2021,09,38.22173913043478,23
LACR.FR,11-11-2021,09,38.7,1
DBG.FR,11-11-2021,09,10.26306666666668,75
OSE.FR,11-11-2021,09,8.805227272727267,44
UFF.FR,11-11-2021,09,17.99705882352941,17
BUR.FR,11-11-2021,09,666.0,5
SW.FR,11-11-2021,09,83.6173076923076,208
RIN.FR,11-11-2021,09,58.240624999999994,32
HO.FR,11-11-2021,09,83.07690217391325,368
RXL.FR,11-11-2021,09,17.69334586466167,133
PARP.FR,11-11-2021,09,20.9,3
VETO.FR,11-11-2021,09,146.6,1
PUBBS.FR,11-11-2021,09,35.0,1
GEA.FR,11-11-2021,09,102.0,1
VAC.FR,11-11-2021,09,9.13111111111111,9
PAR.FR,11-11-2021,09,55.5,1
OVH.FR,11-11-2021,09,20.472151162790706,86
STM.FR,11-11-2021,09,43.521391650099375,1006
MTU.FR,11-11-2021,09,30.375,4
FDJ.FR,11-11-2021,09,44.56928104575162,153
ALECO.FR,11-11-2021,09,15.74,3
FTI.FR,11-11-2021,09,6.193541818181828,275
SAF.FR,11-11-2021,09,122.61467826086967,575
GNRO.FR,11-11-2021,09,3.81,1
FII.FR,11-11-2021,09,25.052272727272733,22
SLB.FR,11-11-2021,09,28.95,4
GID.FR,11-11-2021,09,1.185,2
ORP.FR,11-11-2021,09,90.97579439252338,214
RMS.FR,11-11-2021,09,1423.0571992110454,507
WAGA.FR,11-11-2021,09,26.4425925925926,54
ML.FR,11-11-2021,09,133.6376847290642,609
JBOG.FR,11-11-2021,09,12.299999999999999,7
HDF.FR,11-11-2021,09,29.36071428571429,14
TEP.FR,11-11-2021,09,357.1862660944202,233
EL.FR,11-11-2021,09,181.30876651982376,454
GENX.FR,11-11-2021,09,8.9,6
HOLN.FR,11-11-2021,09,45.171190476190475,21
MAU.FR,11-11-2021,09,2.6255952380952388,42
LYS.FR,11-11-2021,09,1.962625,16
ODET.FR,11-11-2021,09,1330.0,14
GET.FR,11-11-2021,09,13.731852941176468,170
MEDCL.FR,11-11-2021,09,9.924081632653067,98
XFAB.FR,11-11-2021,09,9.005217391304361,138
GLO.FR,11-11-2021,09,19.497894736842103,19
FNAC.FR,11-11-2021,09,58.26063829787237,94
S30.FR,11-11-2021,09,7.372466216216218,148
FORSE.FR,11-11-2021,09,6.7575,20
MCPHY.FR,11-11-2021,09,22.52060606060607,99
NHOA.FR,11-11-2021,09,14.896153846153847,26
GDS.FR,11-11-2021,09,22.34,5
PVL.FR,11-11-2021,09,6.081818181818182,11
LOUP.FR,11-11-2021,09,97.4,5
EOS.FR,11-11-2021,09,2.2916666666666665,6
GNFT.FR,11-11-2021,09,3.1760000000000006,11
FGR.FR,11-11-2021,09,92.34584615384613,325
LOCAL.FR,11-11-2021,09,1.293713725490196,51
SK.FR,11-11-2021,09,136.64859813084112,107
OREGE.FR,11-11-2021,09,1.195555555555556,63
SAVE.FR,11-11-2021,09,64.0,6
LPE.FR,11-11-2021,09,93.79999999999998,4
LSS.FR,11-11-2021,09,37.780769230769224,13
RE.FR,11-11-2021,09,133.5,4
FGA.FR,11-11-2021,09,5.66,3
WAVE.FR,11-11-2021,09,47.816,25
BVI.FR,11-11-2021,09,28.926724137931007,174
THEP.FR,11-11-2021,09,101.2,3
NEOEN.FR,11-11-2021,09,36.92347826086958,161
2CRSI.FR,11-11-2021,09,4.947500000000001,4
VTR.FR,11-11-2021,09,35.4,1
SCR.FR,11-11-2021,09,27.9895070422535,142
PUB.FR,11-11-2021,09,58.946591928251074,446
GOE.FR,11-11-2021,09,16.155,24
BN.FR,11-11-2021,09,58.17114901256721,557
SWP.FR,11-11-2021,09,43.19333333333335,15
FGR.FR,11-11-2021,09,92.59728571428573,140
ML.FR,11-11-2021,09,133.80532319391645,263
FDJ.FR,11-11-2021,09,44.37348484848486,66
MEDCL.FR,11-11-2021,09,10.006250000000003,32
FPN.FR,11-11-2021,09,0.040999999999999995,4
SAVE.FR,11-11-2021,09,64.2,4
GID.FR,11-11-2021,09,1.1675,2
S30.FR,11-11-2021,09,7.346550000000003,100
FORSE.FR,11-11-2021,09,6.828571428571429,14
FB3.FR,11-11-2021,09,28.75,1
JCQ.FR,11-11-2021,09,22.472499999999997,20
KORI.FR,11-11-2021,09,28.086923076923064,52
WAGA.FR,11-11-2021,09,26.516666666666666,6
HOP.FR,11-11-2021,09,9.5,1
GLE.FR,11-11-2021,09,29.721641791044778,536
THEP.FR,11-11-2021,09,100.4,2
2CRSI.FR,11-11-2021,09,4.94,2
BN.FR,11-11-2021,09,58.235410958904254,584
FR.FR,11-11-2021,09,27.420000000000016,101
VETO.FR,11-11-2021,09,146.08,10
BUR.FR,11-11-2021,09,660.0,2
GBT.FR,11-11-2021,09,37.05,2
ALMDG.FR,11-11-2021,09,37.81999999999999,5
GNRO.FR,11-11-2021,09,3.86,3
OLG.FR,11-11-2021,09,2.22,2
RI.FR,11-11-2021,09,207.2832861189793,353
STLA.FR,11-11-2021,09,17.90317808219178,438
LACR.FR,11-11-2021,09,38.6,1
MTU.FR,11-11-2021,09,30.390000000000004,5
LR.FR,11-11-2021,09,94.48656862745105,204
SDG.FR,11-11-2021,09,39.34285714285714,7
OREGE.FR,11-11-2021,09,1.1933333333333331,6
SU.FR,11-11-2021,09,153.75099337748358,604
KER.FR,11-11-2021,09,658.2178124999998,640
RMS.FR,11-11-2021,09,1425.678350515464,485
FNAC.FR,11-11-2021,09,58.05972222222221,36
FII.FR,11-11-2021,09,25.149999999999995,3
JBOG.FR,11-11-2021,09,12.2,2
STM.FR,11-11-2021,09,43.517553475935856,374
SCHP.FR,11-11-2021,09,66.65454545454546,11
GEA.FR,11-11-2021,09,101.0,1
PUB.FR,11-11-2021,09,59.06853448275875,232
MC.FR,11-11-2021,09,700.0470198675503,1057
FGA.FR,11-11-2021,09,5.64,1
VAC.FR,11-11-2021,09,9.1,2
UFF.FR,11-11-2021,09,17.975,2
WAVE.FR,11-11-2021,09,47.8,1
LOUP.FR,11-11-2021,09,97.6,2
GAM.FR,11-11-2021,09,103.0,2
ALECO.FR,11-11-2021,09,15.77,2
MCPHY.FR,11-11-2021,09,22.2826923076923,52
SLB.FR,11-11-2021,09,28.7,2
ORAP.FR,11-11-2021,09,5.98,2
TEP.FR,11-11-2021,09,356.0508064516126,248
EL.FR,11-11-2021,09,181.21776422764245,492
KOF.FR,11-11-2021,09,35.065000000000005,10
MF.FR,11-11-2021,09,114.0484848484848,33
FTI.FR,11-11-2021,09,6.152402684563755,149
HOLN.FR,11-11-2021,09,45.386562500000004,16
UBI.FR,11-11-2021,09,46.95174174174167,333
HO.FR,11-11-2021,09,83.02513966480481,358
RXL.FR,11-11-2021,09,17.78520833333333,72
SK.FR,11-11-2021,09,136.55686274509802,51
NHOA.FR,11-11-2021,09,15.133571428571432,28
SW.FR,11-11-2021,09,83.65500000000004,128
NK.FR,11-11-2021,09,37.230454545454535,44
BVI.FR,11-11-2021,09,29.01990384615386,104
GENX.FR,11-11-2021,09,8.873333333333333,3
LOCAL.FR,11-11-2021,09,1.2927333333333333,6
DBG.FR,11-11-2021,09,10.226764705882351,68
MKEA.FR,11-11-2021,09,0.907,5
GOE.FR,11-11-2021,09,16.129999999999995,12
TBGBS.FR,11-11-2021,09,0.0317,1
XFAB.FR,11-11-2021,09,8.932558139534878,86
OSE.FR,11-11-2021,09,8.851666666666667,18
LAT.FR,11-11-2021,09,0.5432666666666669,45
MAU.FR,11-11-2021,09,2.615,1
OVH.FR,11-11-2021,09,20.496037735849058,53
ODET.FR,11-11-2021,09,1328.75,8
HDF.FR,11-11-2021,09,29.425,8
GLO.FR,11-11-2021,09,19.448,5
NEOEN.FR,11-11-2021,09,36.30634615384617,104
EOS.FR,11-11-2021,09,2.27,1
PVL.FR,11-11-2021,09,6.055,6
GET.FR,11-11-2021,09,13.846162790697667,172
GNFT.FR,11-11-2021,09,3.173777777777778,9
SCR.FR,11-11-2021,09,27.791142857142844,70
ORP.FR,11-11-2021,09,90.7088095238095,84
GFC.FR,11-11-2021,09,122.06513157894743,76
SAF.FR,11-11-2021,09,122.55149295774648,355
VIE.FR,11-11-2021,09,29.844796747967475,123
GFC.FR,11-11-2021,10,122.16285714285709,70
RI.FR,11-11-2021,10,207.33344262295128,305
KER.FR,11-11-2021,10,661.7090395480228,708
GBT.FR,11-11-2021,10,37.05833333333333,6
XFAB.FR,11-11-2021,10,8.87333333333333,66
NK.FR,11-11-2021,10,37.198235294117644,34
WAGA.FR,11-11-2021,10,26.750000000000007,10
MKEA.FR,11-11-2021,10,0.91,2
SCR.FR,11-11-2021,10,27.73298507462687,67
LYS.FR,11-11-2021,10,1.944,2
LACR.FR,11-11-2021,10,38.6,4
FPN.FR,11-11-2021,10,0.041490909090909085,11
SW.FR,11-11-2021,10,83.70799999999997,75
RIN.FR,11-11-2021,10,57.888235294117656,17
NHOA.FR,11-11-2021,10,15.134166666666667,24
VAC.FR,11-11-2021,10,9.135000000000002,2
GLO.FR,11-11-2021,10,19.45,6
OSE.FR,11-11-2021,10,8.892727272727273,11
MC.FR,11-11-2021,10,702.3650465356784,967
ORP.FR,11-11-2021,10,90.68272727272726,88
MCPHY.FR,11-11-2021,10,22.32785714285714,28
GOE.FR,11-11-2021,10,16.1,1
PARP.FR,11-11-2021,10,20.85,2
HO.FR,11-11-2021,10,82.95242718446606,206
FII.FR,11-11-2021,10,25.075000000000003,2
GNE.FR,11-11-2021,10,95.84,1
RMS.FR,11-11-2021,10,1430.3762214983713,307
ML.FR,11-11-2021,10,133.71816770186354,322
SCHP.FR,11-11-2021,10,66.95,2
KOF.FR,11-11-2021,10,35.05333333333331,30
LR.FR,11-11-2021,10,94.65394230769226,208
2CRSI.FR,11-11-2021,10,4.925000000000001,4
GDS.FR,11-11-2021,10,22.1,2
PUB.FR,11-11-2021,10,59.151014492753674,276
MF.FR,11-11-2021,10,114.33030303030306,33
STM.FR,11-11-2021,10,43.76003338898165,599
FGR.FR,11-11-2021,10,92.62467741935482,124
FPG.FR,11-11-2021,10,0.5609999999999999,2
GNFT.FR,11-11-2021,10,3.174,1
EL.FR,11-11-2021,10,180.9501732673268,808
UFF.FR,11-11-2021,10,17.95,1
GID.FR,11-11-2021,10,1.1625,2
SU.FR,11-11-2021,10,153.92279434850906,637
FR.FR,11-11-2021,10,27.345460992907782,141
GENX.FR,11-11-2021,10,8.88,1
VIE.FR,11-11-2021,10,29.75719999999998,150
BVI.FR,11-11-2021,10,29.121556886227545,167
GLE.FR,11-11-2021,10,29.685731707317018,697
RXL.FR,11-11-2021,10,17.76425531914893,94
TEP.FR,11-11-2021,10,356.02142857142826,294
SAF.FR,11-11-2021,10,122.71714285714289,616
VETO.FR,11-11-2021,10,145.68,5
FNAC.FR,11-11-2021,10,57.54146341463419,123
BN.FR,11-11-2021,10,58.251658291457204,796
GET.FR,11-11-2021,10,13.897212389380535,113
MAU.FR,11-11-2021,10,2.594347826086956,23
S30.FR,11-11-2021,10,7.33204545454545,66
OVH.FR,11-11-2021,10,20.456375,40
WAVE.FR,11-11-2021,10,48.0,1
HEXA.FR,11-11-2021,10,43.5,1
TBGBS.FR,11-11-2021,10,0.028999999999999998,7
SK.FR,11-11-2021,10,136.1804878048781,41
LSS.FR,11-11-2021,10,37.75,2
FORSE.FR,11-11-2021,10,6.991333333333334,30
SLB.FR,11-11-2021,10,28.674999999999997,4
JCQ.FR,11-11-2021,10,22.369999999999997,5
HOLN.FR,11-11-2021,10,45.294000000000004,15
OREGE.FR,11-11-2021,10,1.2,4
ODET.FR,11-11-2021,10,1329.0,5
SX.FR,11-11-2021,10,4.915,2
JBOG.FR,11-11-2021,10,12.166666666666666,3
ALMDG.FR,11-11-2021,10,37.72857142857142,7
HDF.FR,11-11-2021,10,29.400000000000002,3
MTU.FR,11-11-2021,10,30.143333333333334,15
DBG.FR,11-11-2021,10,10.231111111111112,27
FDJ.FR,11-11-2021,10,44.51205128205126,39
LOCAL.FR,11-11-2021,10,1.289507692307692,13
STLA.FR,11-11-2021,10,17.881086956521752,460
NEOEN.FR,11-11-2021,10,36.17362962962962,135
MEDCL.FR,11-11-2021,10,9.984583333333335,24
LAT.FR,11-11-2021,10,0.545,7
UBI.FR,11-11-2021,10,46.865838709677284,310
KORI.FR,11-11-2021,10,28.09151515151515,33
FTI.FR,11-11-2021,10,6.1598305084745775,118
LR.FR,11-11-2021,10,94.83122448979574,196
ALECO.FR,11-11-2021,10,15.899999999999999,3
RI.FR,11-11-2021,10,207.91297709923742,393
FORSE.FR,11-11-2021,10,7.023636363636364,22
NHOA.FR,11-11-2021,10,15.089999999999998,6
S30.FR,11-11-2021,10,7.330223880597011,67
OREGE.FR,11-11-2021,10,1.2044285714285716,14
MTU.FR,11-11-2021,10,30.133333333333336,3
FTI.FR,11-11-2021,10,6.171288135593219,59
HDF.FR,11-11-2021,10,29.41818181818182,11
TBGBS.FR,11-11-2021,10,0.03,1
STLA.FR,11-11-2021,10,17.91125391849529,319
SCR.FR,11-11-2021,10,27.75023255813954,43
ALMDG.FR,11-11-2021,10,37.557142857142864,28
FPG.FR,11-11-2021,10,0.57,1
FNAC.FR,11-11-2021,10,57.18043478260867,92
LOCAL.FR,11-11-2021,10,1.2878800000000001,5
GNFT.FR,11-11-2021,10,3.18,4
SAF.FR,11-11-2021,10,122.59463302752292,436
NEOEN.FR,11-11-2021,10,36.22749999999999,64
KORI.FR,11-11-2021,10,28.080869565217373,46
GENX.FR,11-11-2021,10,8.885000000000002,4
WAVE.FR,11-11-2021,10,48.140000000000015,15
SW.FR,11-11-2021,10,83.73787610619466,113
HOLN.FR,11-11-2021,10,45.4,2
HEXA.FR,11-11-2021,10,43.3,1
FR.FR,11-11-2021,10,27.34309999999998,100
TEP.FR,11-11-2021,10,356.6798534798537,273
UFF.FR,11-11-2021,10,18.0,1
SCHP.FR,11-11-2021,10,67.35,2
BN.FR,11-11-2021,10,58.32149139579351,523
FPN.FR,11-11-2021,10,0.04068000000000001,5
MKEA.FR,11-11-2021,10,0.9115,2
DBG.FR,11-11-2021,10,10.218076923076922,26
EL.FR,11-11-2021,10,181.1592338177011,757
GLE.FR,11-11-2021,10,29.615529411764722,595
SU.FR,11-11-2021,10,154.2281911262803,586
VAC.FR,11-11-2021,10,9.13,3
LTA.FR,11-11-2021,10,24.23,1
MEDCL.FR,11-11-2021,10,10.134444444444437,72
LACR.FR,11-11-2021,10,38.78,5
KOF.FR,11-11-2021,10,35.15,3
MC.FR,11-11-2021,10,704.0309831181731,1007
KER.FR,11-11-2021,10,663.2592481203019,665
RMS.FR,11-11-2021,10,1434.0601851851852,324
GFC.FR,11-11-2021,10,121.84888888888882,45
STM.FR,11-11-2021,10,43.81767857142853,392
GET.FR,11-11-2021,10,13.935459770114948,87
BVI.FR,11-11-2021,10,29.172554744525534,137
ML.FR,11-11-2021,10,133.7334328358205,335
LSS.FR,11-11-2021,10,37.75,4
LYS.FR,11-11-2021,10,1.951,4
FGR.FR,11-11-2021,10,92.53549295774644,71
HO.FR,11-11-2021,10,82.84160000000001,100
JBOG.FR,11-11-2021,10,12.416666666666666,3
VIE.FR,11-11-2021,10,29.73418181818177,220
GAM.FR,11-11-2021,10,103.64285714285714,7
THEP.FR,11-11-2021,10,101.41081081081083,37
GLO.FR,11-11-2021,10,19.5,2
RIN.FR,11-11-2021,10,57.9,5
JCQ.FR,11-11-2021,10,22.478571428571428,7
GBT.FR,11-11-2021,10,37.03333333333333,3
ODET.FR,11-11-2021,10,1325.0,1
LAT.FR,11-11-2021,10,0.5396666666666667,3
GNRO.FR,11-11-2021,10,3.8,1
OSE.FR,11-11-2021,10,9.084444444444445,54
MCPHY.FR,11-11-2021,10,22.29304347826087,23
MAU.FR,11-11-2021,10,2.6232142857142864,14
NK.FR,11-11-2021,10,37.269999999999996,8
2CRSI.FR,11-11-2021,10,4.9350000000000005,5
OVH.FR,11-11-2021,10,20.48829545454545,44
SK.FR,11-11-2021,10,136.3590909090909,22
SWP.FR,11-11-2021,10,43.25,2
EOS.FR,11-11-2021,10,2.32,1
UBI.FR,11-11-2021,10,46.928524590163974,183
RXL.FR,11-11-2021,10,17.791985294117637,68
PUB.FR,11-11-2021,10,59.0289622641509,212
GOE.FR,11-11-2021,10,16.122500000000002,8
FDJ.FR,11-11-2021,10,44.5748051948052,77
MF.FR,11-11-2021,10,114.5166666666667,30
WAGA.FR,11-11-2021,10,26.657142857142855,7
XFAB.FR,11-11-2021,10,8.881428571428575,77
ORP.FR,11-11-2021,10,90.61904761904765,84
FGR.FR,11-11-2021,11,92.43415730337068,89
RXL.FR,11-11-2021,11,17.852767857142865,56
SU.FR,11-11-2021,11,154.50494172494172,429
ML.FR,11-11-2021,11,133.69229390681014,279
UBI.FR,11-11-2021,11,47.08341666666669,120
SW.FR,11-11-2021,11,83.71254237288132,59
SK.FR,11-11-2021,11,136.45454545454547,22
MKEA.FR,11-11-2021,11,0.913,2
GNFT.FR,11-11-2021,11,3.1743333333333332,12
FPN.FR,11-11-2021,11,0.0412,3
2CRSI.FR,11-11-2021,11,4.96,6
MEDCL.FR,11-11-2021,11,10.126923076923076,26
KORI.FR,11-11-2021,11,28.084897959183657,49
WAVE.FR,11-11-2021,11,48.214285714285715,7
LTA.FR,11-11-2021,11,24.26125,8
OSE.FR,11-11-2021,11,9.049999999999999,43
FII.FR,11-11-2021,11,24.978571428571428,7
VETO.FR,11-11-2021,11,146.0,1
GFC.FR,11-11-2021,11,121.82597402597403,77
RMS.FR,11-11-2021,11,1437.7529585798816,338
FR.FR,11-11-2021,11,27.27464912280702,114
GOO3.FR,11-11-2021,11,102.5,1
FB3.FR,11-11-2021,11,29.2,1
SDG.FR,11-11-2021,11,39.35,3
WAGA.FR,11-11-2021,11,26.733333333333334,6
ALECO.FR,11-11-2021,11,15.94,1
GLE.FR,11-11-2021,11,29.561471722365052,778
GOE.FR,11-11-2021,11,16.158431372549018,51
GNE.FR,11-11-2021,11,95.36,2
LACR.FR,11-11-2021,11,38.9,3
ODET.FR,11-11-2021,11,1333.8235294117646,17
GBT.FR,11-11-2021,11,37.2,2
LYS.FR,11-11-2021,11,1.946,2
ORAP.FR,11-11-2021,11,5.998,5
SLB.FR,11-11-2021,11,28.7,4
GID.FR,11-11-2021,11,1.16,2
SCHP.FR,11-11-2021,11,67.5,1
SWP.FR,11-11-2021,11,43.481249999999996,8
S30.FR,11-11-2021,11,7.331444444444445,45
GET.FR,11-11-2021,11,13.91825396825396,63
SAF.FR,11-11-2021,11,122.49272509003619,833
XFAB.FR,11-11-2021,11,8.861785714285721,56
PAR.FR,11-11-2021,11,56.0,3
JCQ.FR,11-11-2021,11,22.433333333333334,3
MTU.FR,11-11-2021,11,30.15,2
HOLN.FR,11-11-2021,11,45.35,3
LAT.FR,11-11-2021,11,0.5402,5
BVI.FR,11-11-2021,11,29.225769230769224,130
LR.FR,11-11-2021,11,94.7657342657342,143
THEP.FR,11-11-2021,11,101.86666666666667,6
HO.FR,11-11-2021,11,82.73194805194808,77
VIE.FR,11-11-2021,11,29.733499999999896,320
SCR.FR,11-11-2021,11,27.737666666666673,60
LUCBS.FR,11-11-2021,11,0.034,1
FDJ.FR,11-11-2021,11,44.78175675675678,148
DBG.FR,11-11-2021,11,10.25699029126212,103
FNAC.FR,11-11-2021,11,56.97592592592594,27
NK.FR,11-11-2021,11,37.39777777777777,27
NHOA.FR,11-11-2021,11,15.186153846153847,13
JBOG.FR,11-11-2021,11,12.5,2
HDF.FR,11-11-2021,11,29.2625,8
OREGE.FR,11-11-2021,11,1.1806666666666668,9
MAU.FR,11-11-2021,11,2.6166666666666667,3
TBGBS.FR,11-11-2021,11,0.02925,8
KOF.FR,11-11-2021,11,35.2,5
MF.FR,11-11-2021,11,114.5111111111111,9
LPE.FR,11-11-2021,11,94.4,1
RIN.FR,11-11-2021,11,57.977777777777774,9
OVH.FR,11-11-2021,11,20.4815625,16
FORSE.FR,11-11-2021,11,6.994444444444444,18
BN.FR,11-11-2021,11,58.140478654592464,773
MCPHY.FR,11-11-2021,11,22.25207547169812,53
NEOEN.FR,11-11-2021,11,36.190491803278675,61
LOCAL.FR,11-11-2021,11,1.2846689655172407,29
ALMDG.FR,11-11-2021,11,37.3673076923077,26
RI.FR,11-11-2021,11,207.63786764705873,272
FTI.FR,11-11-2021,11,6.160927536231881,69
PUB.FR,11-11-2021,11,59.00620320855613,187
KER.FR,11-11-2021,11,663.3683969465645,655
TEP.FR,11-11-2021,11,357.51735294117606,340
STLA.FR,11-11-2021,11,17.927267504488395,557
ORP.FR,11-11-2021,11,90.53099999999998,80
EL.FR,11-11-2021,11,181.6333779264213,598
STM.FR,11-11-2021,11,43.838037974683495,395
MC.FR,11-11-2021,11,704.8489542483667,1530
FNAC.FR,11-11-2021,11,56.94166666666667,18
HOLN.FR,11-11-2021,11,45.27125,4
NK.FR,11-11-2021,11,37.455000000000005,8
XFAB.FR,11-11-2021,11,8.848125000000001,32
VIE.FR,11-11-2021,11,29.78439393939396,198
TEP.FR,11-11-2021,11,358.3451612903228,310
SAF.FR,11-11-2021,11,122.35475555555568,450
GNFT.FR,11-11-2021,11,3.174545454545454,11
RNL.FR,11-11-2021,11,435.0,1
DPAM.FR,11-11-2021,11,468.0,1
LOCAL.FR,11-11-2021,11,1.2808111111111111,18
FPN.FR,11-11-2021,11,0.04053333333333333,3
FGR.FR,11-11-2021,11,92.11259259259262,81
GET.FR,11-11-2021,11,13.882196969696963,66
LAT.FR,11-11-2021,11,0.541,1
MCPHY.FR,11-11-2021,11,22.262222222222206,36
SACI.FR,11-11-2021,11,27.6,1
SK.FR,11-11-2021,11,136.37027027027025,37
LYS.FR,11-11-2021,11,1.9424,10
LR.FR,11-11-2021,11,94.54685714285706,175
MF.FR,11-11-2021,11,114.4379310344828,29
PARP.FR,11-11-2021,11,20.8,1
RE.FR,11-11-2021,11,133.5,3
SLB.FR,11-11-2021,11,28.623529411764718,17
LSS.FR,11-11-2021,11,37.7,1
ALMDG.FR,11-11-2021,11,37.425000000000004,10
ODET.FR,11-11-2021,11,1340.0,1
FORSE.FR,11-11-2021,11,7.0,2
JBOG.FR,11-11-2021,11,12.3,1
JCQ.FR,11-11-2021,11,22.4375,4
HEXA.FR,11-11-2021,11,43.3,2
MKEA.FR,11-11-2021,11,0.913,1
GLO.FR,11-11-2021,11,19.48,5
SCHP.FR,11-11-2021,11,67.4,7
VETO.FR,11-11-2021,11,146.26666666666665,3
LACR.FR,11-11-2021,11,38.15454545454545,22
FCMC.FR,11-11-2021,11,1350.0,1
GID.FR,11-11-2021,11,1.16,1
LPE.FR,11-11-2021,11,93.6,1
HDP.FR,11-11-2021,11,2.18,5
GPE.FR,11-11-2021,11,29.9,2
SW.FR,11-11-2021,11,83.34175438596488,114
MAU.FR,11-11-2021,11,2.608636363636364,11
RI.FR,11-11-2021,11,206.8705607476636,214
OSE.FR,11-11-2021,11,8.979333333333333,15
ML.FR,11-11-2021,11,133.8002590673576,193
HO.FR,11-11-2021,11,82.44942028985501,138
WAGA.FR,11-11-2021,11,26.8,1
RIN.FR,11-11-2021,11,58.0,3
KOF.FR,11-11-2021,11,35.17894736842105,19
DBG.FR,11-11-2021,11,10.271818181818182,11
ALECO.FR,11-11-2021,11,15.92,3
FII.FR,11-11-2021,11,24.9,4
OLG.FR,11-11-2021,11,2.2,4
OREGE.FR,11-11-2021,11,1.188,4
ORIA.FR,11-11-2021,11,182.0,1
ORAP.FR,11-11-2021,11,5.98,1
FINM.FR,11-11-2021,11,0.234,3
GALIM.FR,11-11-2021,11,16.8,1
2CRSI.FR,11-11-2021,11,4.9350000000000005,2
TBGBS.FR,11-11-2021,11,0.0298,5
GOE.FR,11-11-2021,11,16.378947368421052,57
OVH.FR,11-11-2021,11,20.42797872340426,47
NHOA.FR,11-11-2021,11,15.169999999999998,4
FTI.FR,11-11-2021,11,6.130587301587307,126
ORP.FR,11-11-2021,11,90.36666666666663,78
SABE.FR,11-11-2021,11,24.0,4
FBEL.FR,11-11-2021,11,545.0,1
FDJ.FR,11-11-2021,11,44.77916666666666,24
FREY.FR,11-11-2021,11,33.0,7
STM.FR,11-11-2021,11,43.81852272727267,528
NEOEN.FR,11-11-2021,11,36.16307692307693,39
FR.FR,11-11-2021,11,27.26960000000002,100
GFC.FR,11-11-2021,11,121.50660377358498,53
BN.FR,11-11-2021,11,57.83274698795184,415
SU.FR,11-11-2021,11,154.0376800976801,819
STLA.FR,11-11-2021,11,17.892637200736637,543
S30.FR,11-11-2021,11,7.328676470588234,34
RXL.FR,11-11-2021,11,17.776075949367094,79
MC.FR,11-11-2021,11,703.5243393602228,1438
GLE.FR,11-11-2021,11,29.558870094722476,739
EL.FR,11-11-2021,11,181.68122236670965,769
KER.FR,11-11-2021,11,663.7985074626854,536
BVI.FR,11-11-2021,11,29.17754237288135,118
PUB.FR,11-11-2021,11,58.95457831325295,166
SCR.FR,11-11-2021,11,27.759999999999998,82
MEDCL.FR,11-11-2021,11,10.15925925925926,27
KORI.FR,11-11-2021,11,28.036399999999986,50
UBI.FR,11-11-2021,11,46.99802721088435,147
RMS.FR,11-11-2021,11,1439.2576219512196,328
UBI.FR,11-11-2021,12,47.002181818181825,165
LR.FR,11-11-2021,12,94.52949720670388,179
BN.FR,11-11-2021,12,57.900698795180574,415
STM.FR,11-11-2021,12,43.92943762781181,489
SAF.FR,11-11-2021,12,121.9455980861241,836
XFAB.FR,11-11-2021,12,8.845875000000001,80
MKEA.FR,11-11-2021,12,0.9115,2
RIN.FR,11-11-2021,12,57.8,5
FDJ.FR,11-11-2021,12,44.67329268292684,82
GBT.FR,11-11-2021,12,37.15,1
HOP.FR,11-11-2021,12,9.36,1
BVI.FR,11-11-2021,12,29.147920000000024,125
ML.FR,11-11-2021,12,133.98814814814813,135
DBG.FR,11-11-2021,12,10.26,2
GNFT.FR,11-11-2021,12,3.17,1
OREGE.FR,11-11-2021,12,1.189,2
PARP.FR,11-11-2021,12,20.75,2
GOE.FR,11-11-2021,12,16.44,2
EL.FR,11-11-2021,12,181.6582015167936,923
MC.FR,11-11-2021,12,702.5604403409095,1408
RI.FR,11-11-2021,12,206.97370892018736,213
ALMDG.FR,11-11-2021,12,37.55,1
JCQ.FR,11-11-2021,12,22.40833333333333,6
GLE.FR,11-11-2021,12,29.527882231405048,968
MCPHY.FR,11-11-2021,12,22.25214285714286,28
S30.FR,11-11-2021,12,7.313625,80
SU.FR,11-11-2021,12,154.2083423913042,736
ORP.FR,11-11-2021,12,90.29671641791045,67
FGR.FR,11-11-2021,12,91.86373831775703,107
NEOEN.FR,11-11-2021,12,36.18190476190476,42
LAT.FR,11-11-2021,12,0.537,7
SW.FR,11-11-2021,12,82.81238578680198,197
OSE.FR,11-11-2021,12,8.974,5
GFC.FR,11-11-2021,12,121.23297872340432,47
STLA.FR,11-11-2021,12,17.89453149001533,651
PUB.FR,11-11-2021,12,58.848648648648656,185
MF.FR,11-11-2021,12,114.45555555555562,45
ODET.FR,11-11-2021,12,1340.0,2
VIE.FR,11-11-2021,12,29.670417754569158,383
SCR.FR,11-11-2021,12,27.731692307692256,195
GET.FR,11-11-2021,12,13.838400000000014,75
GID.FR,11-11-2021,12,1.175,3
LYS.FR,11-11-2021,12,1.9479999999999997,3
SK.FR,11-11-2021,12,136.30294117647057,34
FII.FR,11-11-2021,12,24.825000000000003,8
FORSE.FR,11-11-2021,12,6.998571428571429,7
JBOG.FR,11-11-2021,12,12.3,1
SCHP.FR,11-11-2021,12,67.3,2
SDG.FR,11-11-2021,12,39.35,1
RE.FR,11-11-2021,12,133.0,4
ORAPB.FR,11-11-2021,12,0.994,2
KOF.FR,11-11-2021,12,35.07142857142858,7
HOLN.FR,11-11-2021,12,45.2825,6
TBGBS.FR,11-11-2021,12,0.031,1
GLO.FR,11-11-2021,12,19.426206896551733,29
MAU.FR,11-11-2021,12,2.605,8
WAVE.FR,11-11-2021,12,48.3,2
WAGA.FR,11-11-2021,12,26.520000000000007,15
FNAC.FR,11-11-2021,12,56.80892857142856,28
BUR.FR,11-11-2021,12,660.0,1
LOCAL.FR,11-11-2021,12,1.2779307692307689,26
MEDCL.FR,11-11-2021,12,10.138181818181817,11
RXL.FR,11-11-2021,12,17.75162162162163,74
KER.FR,11-11-2021,12,662.8419540229885,870
FTI.FR,11-11-2021,12,6.105298245614038,114
HO.FR,11-11-2021,12,82.10261780104709,382
TEP.FR,11-11-2021,12,358.5572222222218,360
NK.FR,11-11-2021,12,37.274285714285725,21
FR.FR,11-11-2021,12,27.315220125786187,159
RMS.FR,11-11-2021,12,1439.0191570881227,261
OVH.FR,11-11-2021,12,20.475757575757576,33
KORI.FR,11-11-2021,12,27.955849056603814,106
JCQ.FR,11-11-2021,12,22.457142857142856,7
GOE.FR,11-11-2021,12,16.46,5
VIE.FR,11-11-2021,12,29.542219020172837,347
SW.FR,11-11-2021,12,82.58696296296296,135
OSE.FR,11-11-2021,12,8.901666666666666,6
GET.FR,11-11-2021,12,13.819380952380943,105
RIN.FR,11-11-2021,12,57.70000000000001,3
LTA.FR,11-11-2021,12,24.21,1
MEDCL.FR,11-11-2021,12,10.138181818181819,11
UFF.FR,11-11-2021,12,17.95,1
MKEA.FR,11-11-2021,12,0.91,1
SK.FR,11-11-2021,12,136.22307692307692,13
ML.FR,11-11-2021,12,133.71975609756097,205
HEXA.FR,11-11-2021,12,43.03333333333333,6
BUR.FR,11-11-2021,12,668.0,1
FGR.FR,11-11-2021,12,91.51686274509805,102
ALMDG.FR,11-11-2021,12,37.275,4
THEP.FR,11-11-2021,12,101.6,5
RMS.FR,11-11-2021,12,1438.7079772079771,351
RI.FR,11-11-2021,12,206.73743016759778,179
FNAC.FR,11-11-2021,12,56.94999999999999,16
OLG.FR,11-11-2021,12,2.22,1
GNRO.FR,11-11-2021,12,3.85,1
ORP.FR,11-11-2021,12,90.18958904109589,73
LOUP.FR,11-11-2021,12,97.6,1
VAC.FR,11-11-2021,12,9.14,2
BN.FR,11-11-2021,12,57.90376699029139,515
GFC.FR,11-11-2021,12,120.98048780487798,41
WAVE.FR,11-11-2021,12,48.42,5
MF.FR,11-11-2021,12,114.4217391304348,23
TEP.FR,11-11-2021,12,357.96008230452713,243
SU.FR,11-11-2021,12,154.37880492091415,569
MC.FR,11-11-2021,12,702.4433519553086,895
RXL.FR,11-11-2021,12,17.75590909090909,22
FORSE.FR,11-11-2021,12,6.942307692307693,13
STM.FR,11-11-2021,12,43.91658940397353,302
GLO.FR,11-11-2021,12,19.42,6
NEOEN.FR,11-11-2021,12,36.23407407407409,27
LR.FR,11-11-2021,12,94.64251748251742,143
LOCAL.FR,11-11-2021,12,1.272875,8
NHOA.FR,11-11-2021,12,15.231428571428571,7
LYS.FR,11-11-2021,12,1.939,4
FR.FR,11-11-2021,12,27.241575757575767,165
SCHP.FR,11-11-2021,12,67.0,1
SLB.FR,11-11-2021,12,28.5425,20
UBI.FR,11-11-2021,12,47.01031914893624,94
EL.FR,11-11-2021,12,181.56304918032802,610
FDJ.FR,11-11-2021,12,44.68025641025641,39
XFAB.FR,11-11-2021,12,8.837659574468084,47
KOF.FR,11-11-2021,12,34.95714285714285,14
KORI.FR,11-11-2021,12,27.923404255319166,47
OVH.FR,11-11-2021,12,20.494000000000003,10
MCPHY.FR,11-11-2021,12,22.2414705882353,68
DBG.FR,11-11-2021,12,10.256,10
LAT.FR,11-11-2021,12,0.5405294117647059,17
S30.FR,11-11-2021,12,7.344285714285712,28
HDF.FR,11-11-2021,12,29.45,1
GNFT.FR,11-11-2021,12,3.178,1
BVI.FR,11-11-2021,12,29.12356321839081,87
FPN.FR,11-11-2021,12,0.0407,2
SCR.FR,11-11-2021,12,27.697460317460298,126
TBGBS.FR,11-11-2021,12,0.031386666666666674,15
WAGA.FR,11-11-2021,12,26.485714285714288,7
SX.FR,11-11-2021,12,4.933333333333334,3
MAU.FR,11-11-2021,12,2.6029166666666663,12
HOLN.FR,11-11-2021,12,45.2375,2
MTU.FR,11-11-2021,12,30.075000000000003,6
NK.FR,11-11-2021,12,37.196000000000005,10
FTI.FR,11-11-2021,12,6.092162790697672,86
KER.FR,11-11-2021,12,662.7825795644902,597
SAF.FR,11-11-2021,12,121.43192784667438,887
LSS.FR,11-11-2021,12,37.94117647058823,17
GLE.FR,11-11-2021,12,29.427144373673,942
STLA.FR,11-11-2021,12,17.869358098068375,673
HO.FR,11-11-2021,12,81.73325757575756,264
PUB.FR,11-11-2021,12,58.8168361581921,177
TEP.FR,11-11-2021,13,358.1618556701034,194
GLE.FR,11-11-2021,13,29.388000000000016,560
UBI.FR,11-11-2021,13,47.1256603773585,53
2CRSI.FR,11-11-2021,13,4.894374999999999,8
SWP.FR,11-11-2021,13,43.56666666666666,3
FGR.FR,11-11-2021,13,91.33577464788725,71
LYS.FR,11-11-2021,13,1.9347999999999999,5
JCQ.FR,11-11-2021,13,22.5,2
XFAB.FR,11-11-2021,13,8.83727272727273,22
MKEA.FR,11-11-2021,13,0.91,2
GLO.FR,11-11-2021,13,19.44,3
GOE.FR,11-11-2021,13,16.460625,32
FDJ.FR,11-11-2021,13,44.69605263157895,38
PVL.FR,11-11-2021,13,6.03,4
THEP.FR,11-11-2021,13,101.6,1
KORI.FR,11-11-2021,13,27.85868421052628,76
GDS.FR,11-11-2021,13,22.3,1
GNRO.FR,11-11-2021,13,3.865,2
LAT.FR,11-11-2021,13,0.5477500000000001,4
SW.FR,11-11-2021,13,82.46732026143779,153
NHOA.FR,11-11-2021,13,15.208571428571428,7
VAC.FR,11-11-2021,13,9.14,1
SCHP.FR,11-11-2021,13,67.0,2
RI.FR,11-11-2021,13,206.7294117647054,136
SAVE.FR,11-11-2021,13,64.2,3
FII.FR,11-11-2021,13,24.91249999999999,16
ODET.FR,11-11-2021,13,1340.0,6
RMS.FR,11-11-2021,13,1439.27,150
FR.FR,11-11-2021,13,27.292327044025196,159
EL.FR,11-11-2021,13,181.96222531293475,719
BVI.FR,11-11-2021,13,29.11105882352936,85
PUB.FR,11-11-2021,13,58.85132947976873,173
MCPHY.FR,11-11-2021,13,22.196842105263162,38
LR.FR,11-11-2021,13,94.56203045685291,197
SAF.FR,11-11-2021,13,121.49555895865223,653
FNAC.FR,11-11-2021,13,57.03636363636361,22
STLA.FR,11-11-2021,13,17.855253731343275,201
KER.FR,11-11-2021,13,661.2466666666687,450
SU.FR,11-11-2021,13,154.26424597364553,683
BN.FR,11-11-2021,13,57.92348837209294,344
GET.FR,11-11-2021,13,13.789558823529417,34
MC.FR,11-11-2021,13,702.2626707132038,659
FTI.FR,11-11-2021,13,6.089043478260869,23
HO.FR,11-11-2021,13,81.68242677824261,239
STM.FR,11-11-2021,13,43.91033962264154,265
WAGA.FR,11-11-2021,13,26.5,1
OVH.FR,11-11-2021,13,20.49500000000001,40
LOCAL.FR,11-11-2021,13,1.2739333333333334,9
RIN.FR,11-11-2021,13,57.7,1
MAU.FR,11-11-2021,13,2.605,1
DBG.FR,11-11-2021,13,10.24,4
FBEL.FR,11-11-2021,13,545.0,1
FORSE.FR,11-11-2021,13,6.950000000000001,4
KOF.FR,11-11-2021,13,34.95,1
ALMDG.FR,11-11-2021,13,37.40714285714285,7
OREGE.FR,11-11-2021,13,1.1888888888888887,9
SK.FR,11-11-2021,13,136.2,9
NEOEN.FR,11-11-2021,13,36.249999999999986,20
TBGBS.FR,11-11-2021,13,0.03264,5
SCR.FR,11-11-2021,13,27.776981132075452,53
ML.FR,11-11-2021,13,133.82187500000006,112
GFC.FR,11-11-2021,13,120.90000000000002,19
S30.FR,11-11-2021,13,7.354473684210527,38
HDF.FR,11-11-2021,13,29.45,1
GNFT.FR,11-11-2021,13,3.1799999999999997,7
ORP.FR,11-11-2021,13,90.14696629213486,89
MF.FR,11-11-2021,13,114.5,7
HOLN.FR,11-11-2021,13,45.157500000000006,6
NK.FR,11-11-2021,13,37.20333333333335,18
SLB.FR,11-11-2021,13,28.55,1
LSS.FR,11-11-2021,13,38.0,5
MEDCL.FR,11-11-2021,13,10.046315789473686,19
FPN.FR,11-11-2021,13,0.040466666666666665,3
RXL.FR,11-11-2021,13,17.82628865979382,97
VIE.FR,11-11-2021,13,29.462338028168954,355
GET.FR,11-11-2021,13,13.783055555555547,36
MCPHY.FR,11-11-2021,13,22.217297297297286,37
SCR.FR,11-11-2021,13,27.8510714285714,56
RMS.FR,11-11-2021,13,1437.2919254658384,161
XFAB.FR,11-11-2021,13,8.83888888888889,18
HOLN.FR,11-11-2021,13,45.21,2
HEXA.FR,11-11-2021,13,42.849999999999994,4
NHOA.FR,11-11-2021,13,15.224999999999998,8
MKEA.FR,11-11-2021,13,0.9068333333333333,6
GLO.FR,11-11-2021,13,19.42,2
WAVE.FR,11-11-2021,13,48.4,2
KORI.FR,11-11-2021,13,27.865862068965537,58
FGR.FR,11-11-2021,13,91.34926829268298,41
LTA.FR,11-11-2021,13,24.21,1
ALMDG.FR,11-11-2021,13,37.5,1
NEOEN.FR,11-11-2021,13,36.13282051282053,39
SWP.FR,11-11-2021,13,43.45,1
SLB.FR,11-11-2021,13,28.516666666666666,3
LR.FR,11-11-2021,13,94.52526315789491,152
TEP.FR,11-11-2021,13,357.64966442952937,149
ML.FR,11-11-2021,13,133.9366197183103,213
FORSE.FR,11-11-2021,13,7.0,1
GNRO.FR,11-11-2021,13,3.8,2
EL.FR,11-11-2021,13,181.5525373134329,536
VIE.FR,11-11-2021,13,29.474752851710882,263
GOE.FR,11-11-2021,13,16.49833333333333,12
TBGBS.FR,11-11-2021,13,0.0330111111111111,9
DBG.FR,11-11-2021,13,10.246750000000006,40
KER.FR,11-11-2021,13,660.6971496437052,421
HO.FR,11-11-2021,13,81.93303482587054,201
SK.FR,11-11-2021,13,136.25,4
BVI.FR,11-11-2021,13,29.120416666666657,72
STM.FR,11-11-2021,13,43.92728522336771,291
PUB.FR,11-11-2021,13,58.91684210526306,171
RI.FR,11-11-2021,13,206.68965517241378,203
FR.FR,11-11-2021,13,27.341212121212095,66
SU.FR,11-11-2021,13,154.08972176759366,611
OVH.FR,11-11-2021,13,20.443611111111125,36
FTI.FR,11-11-2021,13,6.110860759493668,79
LYS.FR,11-11-2021,13,1.9346666666666665,3
MEDCL.FR,11-11-2021,13,10.045,8
NK.FR,11-11-2021,13,37.27333333333333,6
MF.FR,11-11-2021,13,114.6,2
PVL.FR,11-11-2021,13,6.02,2
LAT.FR,11-11-2021,13,0.544,2
UBI.FR,11-11-2021,13,47.135454545454564,33
GBT.FR,11-11-2021,13,37.1,1
MAU.FR,11-11-2021,13,2.5971875,16
ALECO.FR,11-11-2021,13,15.836000000000002,5
OSE.FR,11-11-2021,13,8.943999999999999,10
JCQ.FR,11-11-2021,13,22.524999999999995,6
FBEL.FR,11-11-2021,13,545.0,1
FNAC.FR,11-11-2021,13,56.977500000000006,40
FII.FR,11-11-2021,13,24.8,1
ORP.FR,11-11-2021,13,90.12483870967743,62
KOF.FR,11-11-2021,13,34.96785714285714,14
GNE.FR,11-11-2021,13,95.07,2
WAGA.FR,11-11-2021,13,26.552000000000007,25
GFC.FR,11-11-2021,13,121.04000000000002,35
OREGE.FR,11-11-2021,13,1.19,1
S30.FR,11-11-2021,13,7.333606557377049,61
VETO.FR,11-11-2021,13,146.6,4
FPN.FR,11-11-2021,13,0.0405,2
FDJ.FR,11-11-2021,13,44.72757575757578,33
LOCAL.FR,11-11-2021,13,1.2734999999999999,8
SW.FR,11-11-2021,13,82.39273972602729,146
SAF.FR,11-11-2021,13,121.65351145038187,262
BN.FR,11-11-2021,13,57.89058823529416,255
GLE.FR,11-11-2021,13,29.399655913978478,465
MC.FR,11-11-2021,13,701.87353760446,718
ODET.FR,11-11-2021,13,1340.0,2
STLA.FR,11-11-2021,13,17.866330308529953,551
RXL.FR,11-11-2021,13,17.88351351351352,185
STM.FR,11-11-2021,14,43.970928217821715,404
RMS.FR,11-11-2021,14,1439.6010638297873,188
FTI.FR,11-11-2021,14,6.1246486486486456,74
MC.FR,11-11-2021,14,702.3262653898784,731
UBI.FR,11-11-2021,14,47.24137254901959,102
NEOEN.FR,11-11-2021,14,36.155862068965526,29
ALMDG.FR,11-11-2021,14,37.35,8
RIN.FR,11-11-2021,14,57.57142857142857,7
FPG.FR,11-11-2021,14,0.57,3
SWP.FR,11-11-2021,14,43.45,1
FPN.FR,11-11-2021,14,0.0402,3
XFAB.FR,11-11-2021,14,8.869603960396034,101
SCR.FR,11-11-2021,14,27.861774193548353,62
SCHP.FR,11-11-2021,14,67.19999999999999,6
SDG.FR,11-11-2021,14,39.35,7
HO.FR,11-11-2021,14,81.90076923076899,234
NHOA.FR,11-11-2021,14,15.2,1
THEP.FR,11-11-2021,14,101.6,1
GET.FR,11-11-2021,14,13.77389999999999,50
FR.FR,11-11-2021,14,27.327500000000008,116
EL.FR,11-11-2021,14,181.436454849498,598
KOF.FR,11-11-2021,14,35.0,4
HEXA.FR,11-11-2021,14,42.8,2
SAVE.FR,11-11-2021,14,64.2,3
SAF.FR,11-11-2021,14,121.64177215189882,395
RE.FR,11-11-2021,14,133.5,1
SK.FR,11-11-2021,14,136.29677419354843,31
RI.FR,11-11-2021,14,206.68297872340455,94
BVI.FR,11-11-2021,14,29.11615384615383,91
VIE.FR,11-11-2021,14,29.46786206896543,290
2CRSI.FR,11-11-2021,14,4.9225,6
OVH.FR,11-11-2021,14,20.45230769230769,13
JBOG.FR,11-11-2021,14,12.25,3
GOE.FR,11-11-2021,14,16.570434782608693,46
FDJ.FR,11-11-2021,14,44.75928571428572,28
BN.FR,11-11-2021,14,58.01815217391303,460
KER.FR,11-11-2021,14,660.85070422535,1136
RXL.FR,11-11-2021,14,17.931868421052634,190
LTA.FR,11-11-2021,14,24.21,1
FNAC.FR,11-11-2021,14,56.95,2
MTU.FR,11-11-2021,14,30.128571428571426,7
LAT.FR,11-11-2021,14,0.546,1
MEDCL.FR,11-11-2021,14,10.076666666666666,6
HOLN.FR,11-11-2021,14,45.25,2
FORSE.FR,11-11-2021,14,6.973333333333334,3
BNBA.FR,11-11-2021,14,40.52,1
ALECO.FR,11-11-2021,14,15.825714285714287,7
MF.FR,11-11-2021,14,114.58,10
GFC.FR,11-11-2021,14,121.01060606060605,33
OSE.FR,11-11-2021,14,8.925,6
KORI.FR,11-11-2021,14,27.88952380952381,21
TBGBS.FR,11-11-2021,14,0.034,3
MCPHY.FR,11-11-2021,14,22.21548387096775,31
MAU.FR,11-11-2021,14,2.6168750000000003,16
ORP.FR,11-11-2021,14,90.08892857142857,56
SLB.FR,11-11-2021,14,28.5,1
S30.FR,11-11-2021,14,7.322500000000002,30
GLO.FR,11-11-2021,14,19.453333333333337,12
LOCAL.FR,11-11-2021,14,1.2731666666666666,6
DBG.FR,11-11-2021,14,10.245263157894737,19
NK.FR,11-11-2021,14,37.31692307692309,13
LR.FR,11-11-2021,14,94.47057324840755,157
HDF.FR,11-11-2021,14,29.45,4
LYS.FR,11-11-2021,14,1.9327058823529408,17
FGR.FR,11-11-2021,14,91.39181818181812,88
ML.FR,11-11-2021,14,133.83776041666655,192
SW.FR,11-11-2021,14,82.26360000000001,150
TEP.FR,11-11-2021,14,357.77913669064765,139
GLE.FR,11-11-2021,14,29.395915789473687,475
SU.FR,11-11-2021,14,154.08039325842657,712
STLA.FR,11-11-2021,14,17.877999999999922,466
PUB.FR,11-11-2021,14,58.9091044776119,134
WAVE.FR,11-11-2021,14,48.480000000000004,5
TEP.FR,11-11-2021,14,357.7983050847459,177
VIE.FR,11-11-2021,14,29.466823104693134,277
BN.FR,11-11-2021,14,58.13251599147112,469
WAVE.FR,11-11-2021,14,48.46666666666667,3
KER.FR,11-11-2021,14,660.6545571245193,779
LOUP.FR,11-11-2021,14,97.8,1
NHOA.FR,11-11-2021,14,15.28,1
BUR.FR,11-11-2021,14,658.0,1
LTA.FR,11-11-2021,14,24.34166666666667,3
OSE.FR,11-11-2021,14,8.946666666666667,3
GBT.FR,11-11-2021,14,37.3,1
LOCAL.FR,11-11-2021,14,1.2749230769230768,13
MKEA.FR,11-11-2021,14,0.906,7
FNAC.FR,11-11-2021,14,56.99545454545455,11
FORSE.FR,11-11-2021,14,7.0,1
RE.FR,11-11-2021,14,134.0,1
SK.FR,11-11-2021,14,136.39333333333337,15
UFF.FR,11-11-2021,14,17.95,1
VETO.FR,11-11-2021,14,146.64000000000001,5
OREGE.FR,11-11-2021,14,1.19,1
DBG.FR,11-11-2021,14,10.263333333333334,3
LSS.FR,11-11-2021,14,37.9,8
MF.FR,11-11-2021,14,114.6,2
HOLN.FR,11-11-2021,14,45.22,4
WAGA.FR,11-11-2021,14,26.67777777777778,9
HDF.FR,11-11-2021,14,29.45,2
GFC.FR,11-11-2021,14,120.9565217391304,23
FPN.FR,11-11-2021,14,0.0406,1
ALMDG.FR,11-11-2021,14,37.3,2
JBOG.FR,11-11-2021,14,12.216666666666667,3
FII.FR,11-11-2021,14,24.9,1
MCPHY.FR,11-11-2021,14,22.226,20
EOS.FR,11-11-2021,14,2.2550000000000003,6
OVH.FR,11-11-2021,14,20.457708333333347,48
HEXA.FR,11-11-2021,14,42.879999999999995,5
KOF.FR,11-11-2021,14,35.0,9
PVL.FR,11-11-2021,14,6.04,3
GLO.FR,11-11-2021,14,19.526666666666667,6
RIN.FR,11-11-2021,14,57.438461538461524,13
MEDCL.FR,11-11-2021,14,10.082500000000001,16
LPE.FR,11-11-2021,14,94.4,1
LYS.FR,11-11-2021,14,1.9326666666666668,3
NK.FR,11-11-2021,14,37.38315789473684,19
SCR.FR,11-11-2021,14,27.837627118644043,59
LAT.FR,11-11-2021,14,0.546,2
OLG.FR,11-11-2021,14,2.21,1
S30.FR,11-11-2021,14,7.318333333333332,30
XFAB.FR,11-11-2021,14,8.941785714285714,28
ORP.FR,11-11-2021,14,89.76153153153125,444
TBGBS.FR,11-11-2021,14,0.03703571428571431,42
ML.FR,11-11-2021,14,133.77677165354325,254
GOE.FR,11-11-2021,14,16.68352941176471,17
FTI.FR,11-11-2021,14,6.124125000000005,64
FDJ.FR,11-11-2021,14,44.74371428571429,35
FR.FR,11-11-2021,14,27.380965517241368,145
SW.FR,11-11-2021,14,82.39802197802192,91
SAF.FR,11-11-2021,14,121.92649159663846,952
RXL.FR,11-11-2021,14,17.895458715596344,109
EL.FR,11-11-2021,14,181.72106617647106,544
NEOEN.FR,11-11-2021,14,36.046399999999984,75
FGR.FR,11-11-2021,14,91.40635294117644,85
GET.FR,11-11-2021,14,13.740520833333342,48
MC.FR,11-11-2021,14,702.6218198700092,1077
UBI.FR,11-11-2021,14,47.150441176470615,68
KORI.FR,11-11-2021,14,27.87166666666667,24
GLE.FR,11-11-2021,14,29.40113421550097,529
LR.FR,11-11-2021,14,94.59594202898536,207
PUB.FR,11-11-2021,14,58.82228571428566,175
STM.FR,11-11-2021,14,44.053485981308285,1070
BVI.FR,11-11-2021,14,29.137500000000035,56
STLA.FR,11-11-2021,14,17.902421232876737,584
SDG.FR,11-11-2021,14,39.155555555555566,9
SU.FR,11-11-2021,14,154.42280166435464,721
RI.FR,11-11-2021,14,206.83282442748106,131
MAU.FR,11-11-2021,14,2.6142857142857143,7
RMS.FR,11-11-2021,14,1438.55,230
HO.FR,11-11-2021,14,81.93851351351343,148
